0	0
0.01	2.08333e-08
0.02	1.66667e-07
0.03	5.625e-07
0.04	1.3332e-06
0.05	2.60376e-06
0.06	4.49899e-06
0.07	7.14364e-06
0.08	1.06624e-05
0.09	1.51798e-05
0.1	2.08203e-05
0.11	2.77082e-05
0.12	3.59676e-05
0.13	4.57225e-05
0.14	5.70966e-05
0.15	7.02136e-05
0.16	8.51968e-05
0.17	0.000102169
0.18	0.000121254
0.19	0.000142573
0.2	0.00016625
0.21	0.000192406
0.22	0.000221162
0.23	0.000252641
0.24	0.000286965
0.25	0.000324251
0.26	0.000364622
0.27	0.000408198
0.28	0.000455097
0.29	0.000505439
0.3	0.000559343
0.31	0.000616927
0.32	0.000678309
0.33	0.000743606
0.34	0.000812934
0.35	0.000886411
0.36	0.000964152
0.37	0.00104627
0.38	0.00113289
0.39	0.00122411
0.4	0.00132005
0.41	0.00142083
0.42	0.00152656
0.43	0.00163734
0.44	0.0017533
0.45	0.00187453
0.46	0.00200116
0.47	0.00213328
0.48	0.00227101
0.49	0.00241446
0.5	0.00256373
0.51	0.00271893
0.52	0.00288016
0.53	0.00304753
0.54	0.00322115
0.55	0.00340111
0.56	0.00358752
0.57	0.00378048
0.58	0.00398009
0.59	0.00418645
0.6	0.00439966
0.61	0.00461982
0.62	0.00484702
0.63	0.00508136
0.64	0.00532295
0.65	0.00557186
0.66	0.0058282
0.67	0.00609206
0.68	0.00636353
0.69	0.0066427
0.7	0.00692965
0.71	0.00722449
0.72	0.0075273
0.73	0.00783816
0.74	0.00815716
0.75	0.00848438
0.76	0.00881992
0.77	0.00916384
0.78	0.00951624
0.79	0.00987718
0.8	0.0102468
0.81	0.0106251
0.82	0.0110121
0.83	0.0114081
0.84	0.011813
0.85	0.0122269
0.86	0.0126498
0.87	0.013082
0.88	0.0135233
0.89	0.013974
0.9	0.014434
0.91	0.0149035
0.92	0.0153824
0.93	0.0158709
0.94	0.0163691
0.95	0.0168769
0.96	0.0173945
0.97	0.0179218
0.98	0.0184591
0.99	0.0190062
1	0.0195633
1.01	0.0201305
1.02	0.0207077
1.03	0.0212951
1.04	0.0218927
1.05	0.0225005
1.06	0.0231185
1.07	0.0237469
1.08	0.0243857
1.09	0.0250349
1.1	0.0256945
1.11	0.0263647
1.12	0.0270453
1.13	0.0277366
1.14	0.0284385
1.15	0.029151
1.16	0.0298741
1.17	0.030608
1.18	0.0313527
1.19	0.0321081
1.2	0.0328743
1.21	0.0336514
1.22	0.0344393
1.23	0.0352381
1.24	0.0360478
1.25	0.0368684
1.26	0.0376999
1.27	0.0385424
1.28	0.0393959
1.29	0.0402604
1.3	0.0411358
1.31	0.0420223
1.32	0.0429198
1.33	0.0438284
1.34	0.044748
1.35	0.0456786
1.36	0.0466203
1.37	0.0475731
1.38	0.0485369
1.39	0.0495118
1.4	0.0504977
1.41	0.0514947
1.42	0.0525028
1.43	0.0535218
1.44	0.054552
1.45	0.0555931
1.46	0.0566453
1.47	0.0577085
1.48	0.0587827
1.49	0.0598678
1.5	0.060964
1.51	0.062071
1.52	0.063189
1.53	0.0643179
1.54	0.0654577
1.55	0.0666083
1.56	0.0677698
1.57	0.0689421
1.58	0.0701251
1.59	0.0713189
1.6	0.0725235
1.61	0.0737387
1.62	0.0749645
1.63	0.076201
1.64	0.077448
1.65	0.0787056
1.66	0.0799736
1.67	0.0812521
1.68	0.082541
1.69	0.0838403
1.7	0.0851499
1.71	0.0864698
1.72	0.0877999
1.73	0.0891401
1.74	0.0904905
1.75	0.0918509
1.76	0.0932214
1.77	0.0946018
1.78	0.095992
1.79	0.0973921
1.8	0.098802
1.81	0.100222
1.82	0.101651
1.83	0.10309
1.84	0.104538
1.85	0.105996
1.86	0.107463
1.87	0.108939
1.88	0.110425
1.89	0.11192
1.9	0.113423
1.91	0.114936
1.92	0.116458
1.93	0.117989
1.94	0.119528
1.95	0.121076
1.96	0.122633
1.97	0.124198
1.98	0.125771
1.99	0.127353
2	0.128943
2.01	0.130541
2.02	0.132148
2.03	0.133762
2.04	0.135384
2.05	0.137014
2.06	0.138652
2.07	0.140297
2.08	0.141949
2.09	0.143609
2.1	0.145277
2.11	0.146951
2.12	0.148633
2.13	0.150321
2.14	0.152016
2.15	0.153718
2.16	0.155427
2.17	0.157142
2.18	0.158864
2.19	0.160591
2.2	0.162325
2.21	0.164066
2.22	0.165812
2.23	0.167563
2.24	0.169321
2.25	0.171084
2.26	0.172853
2.27	0.174626
2.28	0.176406
2.29	0.17819
2.3	0.179979
2.31	0.181773
2.32	0.183572
2.33	0.185375
2.34	0.187183
2.35	0.188995
2.36	0.190811
2.37	0.192631
2.38	0.194455
2.39	0.196283
2.4	0.198115
2.41	0.19995
2.42	0.201788
2.43	0.20363
2.44	0.205475
2.45	0.207323
2.46	0.209173
2.47	0.211026
2.48	0.212882
2.49	0.21474
2.5	0.2166
2.51	0.218463
2.52	0.220327
2.53	0.222193
2.54	0.224061
2.55	0.22593
2.56	0.227801
2.57	0.229673
2.58	0.231546
2.59	0.233419
2.6	0.235294
2.61	0.237169
2.62	0.239044
2.63	0.24092
2.64	0.242796
2.65	0.244672
2.66	0.246548
2.67	0.248423
2.68	0.250298
2.69	0.252172
2.7	0.254045
2.71	0.255918
2.72	0.257789
2.73	0.259659
2.74	0.261527
2.75	0.263394
2.76	0.265259
2.77	0.267122
2.78	0.268983
2.79	0.270842
2.8	0.272699
2.81	0.274552
2.82	0.276403
2.83	0.278251
2.84	0.280096
2.85	0.281938
2.86	0.283777
2.87	0.285611
2.88	0.287442
2.89	0.28927
2.9	0.291093
2.91	0.292911
2.92	0.294726
2.93	0.296536
2.94	0.298341
2.95	0.300141
2.96	0.301936
2.97	0.303726
2.98	0.305511
2.99	0.30729
3	0.309063
3.01	0.31083
3.02	0.312591
3.03	0.314346
3.04	0.316095
3.05	0.317837
3.06	0.319572
3.07	0.321301
3.08	0.323022
3.09	0.324736
3.1	0.326443
3.11	0.328142
3.12	0.329833
3.13	0.331517
3.14	0.333192
3.15	0.334859
3.16	0.336518
3.17	0.338169
3.18	0.33981
3.19	0.341443
3.2	0.343066
3.21	0.344681
3.22	0.346286
3.23	0.347881
3.24	0.349467
3.25	0.351043
3.26	0.352609
3.27	0.354165
3.28	0.35571
3.29	0.357245
3.3	0.358769
3.31	0.360282
3.32	0.361785
3.33	0.363276
3.34	0.364756
3.35	0.366224
3.36	0.367681
3.37	0.369126
3.38	0.370559
3.39	0.37198
3.4	0.373389
3.41	0.374785
3.42	0.376169
3.43	0.37754
3.44	0.378899
3.45	0.380244
3.46	0.381576
3.47	0.382895
3.48	0.3842
3.49	0.385492
3.5	0.38677
3.51	0.388034
3.52	0.389284
3.53	0.39052
3.54	0.391742
3.55	0.392949
3.56	0.394142
3.57	0.395319
3.58	0.396482
3.59	0.39763
3.6	0.398763
3.61	0.39988
3.62	0.400982
3.63	0.402068
3.64	0.403139
3.65	0.404194
3.66	0.405232
3.67	0.406255
3.68	0.407262
3.69	0.408252
3.7	0.409225
3.71	0.410182
3.72	0.411122
3.73	0.412045
3.74	0.412952
3.75	0.413841
3.76	0.414713
3.77	0.415567
3.78	0.416404
3.79	0.417224
3.8	0.418026
3.81	0.41881
3.82	0.419575
3.83	0.420323
3.84	0.421053
3.85	0.421765
3.86	0.422458
3.87	0.423132
3.88	0.423788
3.89	0.424425
3.9	0.425044
3.91	0.425643
3.92	0.426224
3.93	0.426785
3.94	0.427327
3.95	0.42785
3.96	0.428354
3.97	0.428838
3.98	0.429302
3.99	0.429747
4	0.430171
4.01	0.430577
4.02	0.430962
4.03	0.431327
4.04	0.431672
4.05	0.431996
4.06	0.432301
4.07	0.432585
4.08	0.432849
4.09	0.433092
4.1	0.433315
4.11	0.433517
4.12	0.433698
4.13	0.433858
4.14	0.433998
4.15	0.434117
4.16	0.434215
4.17	0.434291
4.18	0.434347
4.19	0.434381
4.2	0.434394
4.21	0.434386
4.22	0.434357
4.23	0.434306
4.24	0.434234
4.25	0.43414
4.26	0.434024
4.27	0.433888
4.28	0.433729
4.29	0.433549
4.3	0.433347
4.31	0.433123
4.32	0.432878
4.33	0.432611
4.34	0.432322
4.35	0.432011
4.36	0.431678
4.37	0.431323
4.38	0.430946
4.39	0.430547
4.4	0.430127
4.41	0.429684
4.42	0.429219
4.43	0.428732
4.44	0.428223
4.45	0.427692
4.46	0.427138
4.47	0.426563
4.48	0.425965
4.49	0.425346
4.5	0.424704
4.51	0.42404
4.52	0.423354
4.53	0.422646
4.54	0.421915
4.55	0.421163
4.56	0.420388
4.57	0.419591
4.58	0.418773
4.59	0.417932
4.6	0.417069
4.61	0.416183
4.62	0.415276
4.63	0.414347
4.64	0.413396
4.65	0.412423
4.66	0.411428
4.67	0.41041
4.68	0.409372
4.69	0.408311
4.7	0.407228
4.71	0.406123
4.72	0.404997
4.73	0.403849
4.74	0.40268
4.75	0.401488
4.76	0.400275
4.77	0.399041
4.78	0.397785
4.79	0.396507
4.8	0.395208
4.81	0.393888
4.82	0.392547
4.83	0.391184
4.84	0.3898
4.85	0.388395
4.86	0.386969
4.87	0.385522
4.88	0.384054
4.89	0.382565
4.9	0.381055
4.91	0.379525
4.92	0.377974
4.93	0.376402
4.94	0.37481
4.95	0.373197
4.96	0.371564
4.97	0.369911
4.98	0.368238
4.99	0.366545
5	0.364831
5.01	0.363098
5.02	0.361345
5.03	0.359572
5.04	0.35778
5.05	0.355968
5.06	0.354136
5.07	0.352286
5.08	0.350416
5.09	0.348527
5.1	0.346619
5.11	0.344692
5.12	0.342746
5.13	0.340781
5.14	0.338798
5.15	0.336797
5.16	0.334777
5.17	0.332739
5.18	0.330683
5.19	0.328609
5.2	0.326517
5.21	0.324407
5.22	0.322279
5.23	0.320134
5.24	0.317972
5.25	0.315793
5.26	0.313596
5.27	0.311383
5.28	0.309152
5.29	0.306905
5.3	0.304641
5.31	0.302361
5.32	0.300065
5.33	0.297753
5.34	0.295424
5.35	0.29308
5.36	0.29072
5.37	0.288344
5.38	0.285953
5.39	0.283547
5.4	0.281126
5.41	0.27869
5.42	0.276239
5.43	0.273773
5.44	0.271293
5.45	0.268799
5.46	0.26629
5.47	0.263768
5.48	0.261231
5.49	0.258681
5.5	0.256118
5.51	0.253541
5.52	0.250951
5.53	0.248348
5.54	0.245733
5.55	0.243104
5.56	0.240463
5.57	0.23781
5.58	0.235145
5.59	0.232468
5.6	0.229779
5.61	0.227079
5.62	0.224367
5.63	0.221644
5.64	0.218909
5.65	0.216165
5.66	0.213409
5.67	0.210643
5.68	0.207867
5.69	0.20508
5.7	0.202284
5.71	0.199478
5.72	0.196662
5.73	0.193837
5.74	0.191003
5.75	0.18816
5.76	0.185309
5.77	0.182448
5.78	0.17958
5.79	0.176703
5.8	0.173818
5.81	0.170926
5.82	0.168026
5.83	0.165119
5.84	0.162204
5.85	0.159283
5.86	0.156355
5.87	0.15342
5.88	0.150479
5.89	0.147532
5.9	0.144579
5.91	0.14162
5.92	0.138656
5.93	0.135686
5.94	0.132711
5.95	0.129732
5.96	0.126748
5.97	0.123759
5.98	0.120766
5.99	0.117769
6	0.114768
6.01	0.111764
6.02	0.108756
6.03	0.105745
6.04	0.102732
6.05	0.0997149
6.06	0.0966958
6.07	0.0936743
6.08	0.0906507
6.09	0.0876253
6.1	0.0845982
6.11	0.0815696
6.12	0.0785398
6.13	0.075509
6.14	0.0724774
6.15	0.0694452
6.16	0.0664127
6.17	0.06338
6.18	0.0603474
6.19	0.0573151
6.2	0.0542832
6.21	0.0512522
6.22	0.048222
6.23	0.0451931
6.24	0.0421655
6.25	0.0391396
6.26	0.0361154
6.27	0.0330934
6.28	0.0300735
6.29	0.0270562
6.3	0.0240416
6.31	0.0210299
6.32	0.0180213
6.33	0.0150161
6.34	0.0120145
6.35	0.00901676
6.36	0.00602296
6.37	0.0030334
6.38	4.82928e-05
6.39	-0.00293214
6.4	-0.00590769
6.41	-0.00887813
6.42	-0.0118433
6.43	-0.0148028
6.44	-0.0177567
6.45	-0.0207045
6.46	-0.0236462
6.47	-0.0265814
6.48	-0.0295101
6.49	-0.0324319
6.5	-0.0353466
6.51	-0.0382541
6.52	-0.0411542
6.53	-0.0440465
6.54	-0.0469309
6.55	-0.0498073
6.56	-0.0526753
6.57	-0.0555348
6.58	-0.0583855
6.59	-0.0612273
6.6	-0.0640599
6.61	-0.0668832
6.62	-0.0696969
6.63	-0.0725008
6.64	-0.0752947
6.65	-0.0780784
6.66	-0.0808517
6.67	-0.0836145
6.68	-0.0863664
6.69	-0.0891073
6.7	-0.091837
6.71	-0.0945553
6.72	-0.097262
6.73	-0.0999569
6.74	-0.10264
6.75	-0.10531
6.76	-0.107969
6.77	-0.110614
6.78	-0.113247
6.79	-0.115867
6.8	-0.118474
6.81	-0.121067
6.82	-0.123647
6.83	-0.126213
6.84	-0.128765
6.85	-0.131303
6.86	-0.133827
6.87	-0.136336
6.88	-0.138831
6.89	-0.141311
6.9	-0.143775
6.91	-0.146225
6.92	-0.148659
6.93	-0.151077
6.94	-0.15348
6.95	-0.155867
6.96	-0.158237
6.97	-0.160592
6.98	-0.16293
6.99	-0.165251
7	-0.167556
7.01	-0.169843
7.02	-0.172114
7.03	-0.174367
7.04	-0.176602
7.05	-0.17882
7.06	-0.181021
7.07	-0.183203
7.08	-0.185368
7.09	-0.187514
7.1	-0.189641
7.11	-0.19175
7.12	-0.193841
7.13	-0.195912
7.14	-0.197964
7.15	-0.199998
7.16	-0.202012
7.17	-0.204006
7.18	-0.205981
7.19	-0.207936
7.2	-0.209872
7.21	-0.211787
7.22	-0.213682
7.23	-0.215557
7.24	-0.217411
7.25	-0.219245
7.26	-0.221059
7.27	-0.222851
7.28	-0.224622
7.29	-0.226373
7.3	-0.228102
7.31	-0.22981
7.32	-0.231496
7.33	-0.233161
7.34	-0.234804
7.35	-0.236426
7.36	-0.238025
7.37	-0.239603
7.38	-0.241158
7.39	-0.242691
7.4	-0.244202
7.41	-0.245691
7.42	-0.247157
7.43	-0.2486
7.44	-0.25002
7.45	-0.251418
7.46	-0.252793
7.47	-0.254145
7.48	-0.255473
7.49	-0.256779
7.5	-0.258061
7.51	-0.25932
7.52	-0.260555
7.53	-0.261767
7.54	-0.262955
7.55	-0.26412
7.56	-0.26526
7.57	-0.266377
7.58	-0.26747
7.59	-0.268539
7.6	-0.269584
7.61	-0.270605
7.62	-0.271602
7.63	-0.272574
7.64	-0.273522
7.65	-0.274446
7.66	-0.275345
7.67	-0.27622
7.68	-0.27707
7.69	-0.277896
7.7	-0.278697
7.71	-0.279474
7.72	-0.280225
7.73	-0.280952
7.74	-0.281655
7.75	-0.282332
7.76	-0.282985
7.77	-0.283612
7.78	-0.284215
7.79	-0.284793
7.8	-0.285346
7.81	-0.285873
7.82	-0.286376
7.83	-0.286854
7.84	-0.287306
7.85	-0.287734
7.86	-0.288136
7.87	-0.288514
7.88	-0.288866
7.89	-0.289193
7.9	-0.289495
7.91	-0.289772
7.92	-0.290024
7.93	-0.29025
7.94	-0.290451
7.95	-0.290628
7.96	-0.290779
7.97	-0.290905
7.98	-0.291006
7.99	-0.291081
8	-0.291132
8.01	-0.291158
8.02	-0.291158
8.03	-0.291134
8.04	-0.291085
8.05	-0.29101
8.06	-0.290911
8.07	-0.290786
8.08	-0.290637
8.09	-0.290463
8.1	-0.290264
8.11	-0.290041
8.12	-0.289792
8.13	-0.289519
8.14	-0.289222
8.15	-0.288899
8.16	-0.288552
8.17	-0.288181
8.18	-0.287785
8.19	-0.287365
8.2	-0.28692
8.21	-0.286451
8.22	-0.285958
8.23	-0.28544
8.24	-0.284899
8.25	-0.284333
8.26	-0.283744
8.27	-0.283131
8.28	-0.282493
8.29	-0.281832
8.3	-0.281148
8.31	-0.280439
8.32	-0.279708
8.33	-0.278952
8.34	-0.278174
8.35	-0.277372
8.36	-0.276547
8.37	-0.275699
8.38	-0.274828
8.39	-0.273934
8.4	-0.273017
8.41	-0.272077
8.42	-0.271115
8.43	-0.27013
8.44	-0.269123
8.45	-0.268094
8.46	-0.267042
8.47	-0.265969
8.48	-0.264873
8.49	-0.263755
8.5	-0.262616
8.51	-0.261455
8.52	-0.260273
8.53	-0.259069
8.54	-0.257844
8.55	-0.256598
8.56	-0.25533
8.57	-0.254042
8.58	-0.252733
8.59	-0.251403
8.6	-0.250053
8.61	-0.248683
8.62	-0.247292
8.63	-0.245881
8.64	-0.24445
8.65	-0.243
8.66	-0.241529
8.67	-0.240039
8.68	-0.23853
8.69	-0.237001
8.7	-0.235454
8.71	-0.233887
8.72	-0.232302
8.73	-0.230698
8.74	-0.229075
8.75	-0.227434
8.76	-0.225775
8.77	-0.224098
8.78	-0.222403
8.79	-0.22069
8.8	-0.21896
8.81	-0.217212
8.82	-0.215447
8.83	-0.213666
8.84	-0.211867
8.85	-0.210051
8.86	-0.208219
8.87	-0.206371
8.88	-0.204507
8.89	-0.202626
8.9	-0.20073
8.91	-0.198818
8.92	-0.19689
8.93	-0.194947
8.94	-0.192989
8.95	-0.191017
8.96	-0.189029
8.97	-0.187027
8.98	-0.185011
8.99	-0.18298
9	-0.180935
9.01	-0.178877
9.02	-0.176805
9.03	-0.174719
9.04	-0.17262
9.05	-0.170509
9.06	-0.168384
9.07	-0.166247
9.08	-0.164097
9.09	-0.161935
9.1	-0.159761
9.11	-0.157576
9.12	-0.155378
9.13	-0.153169
9.14	-0.150949
9.15	-0.148718
9.16	-0.146476
9.17	-0.144223
9.18	-0.14196
9.19	-0.139687
9.2	-0.137404
9.21	-0.135111
9.22	-0.132808
9.23	-0.130496
9.24	-0.128175
9.25	-0.125845
9.26	-0.123506
9.27	-0.121159
9.28	-0.118803
9.29	-0.116439
9.3	-0.114068
9.31	-0.111688
9.32	-0.109302
9.33	-0.106908
9.34	-0.104507
9.35	-0.102099
9.36	-0.0996845
9.37	-0.0972637
9.38	-0.0948368
9.39	-0.092404
9.4	-0.0899655
9.41	-0.0875215
9.42	-0.0850723
9.43	-0.0826179
9.44	-0.0801588
9.45	-0.0776951
9.46	-0.075227
9.47	-0.0727548
9.48	-0.0702786
9.49	-0.0677987
9.5	-0.0653153
9.51	-0.0628287
9.52	-0.060339
9.53	-0.0578465
9.54	-0.0553514
9.55	-0.0528539
9.56	-0.0503543
9.57	-0.0478527
9.58	-0.0453495
9.59	-0.0428448
9.6	-0.0403388
9.61	-0.0378318
9.62	-0.035324
9.63	-0.0328156
9.64	-0.0303069
9.65	-0.027798
9.66	-0.0252892
9.67	-0.0227807
9.68	-0.0202728
9.69	-0.0177656
9.7	-0.0152594
9.71	-0.0127544
9.72	-0.0102508
9.73	-0.00774886
9.74	-0.0052488
9.75	-0.00275083
9.76	-0.000255167
9.77	0.00223796
9.78	0.00472833
9.79	0.00721573
9.8	0.00969994
9.81	0.0121807
9.82	0.0146579
9.83	0.0171312
9.84	0.0196005
9.85	0.0220654
9.86	0.0245259
9.87	0.0269816
9.88	0.0294324
9.89	0.0318781
9.9	0.0343184
9.91	0.0367531
9.92	0.039182
9.93	0.0416049
9.94	0.0440216
9.95	0.0464319
9.96	0.0488355
9.97	0.0512322
9.98	0.053622
9.99	0.0560044
10	0.0583794
10.01	0.0607467
10.02	0.0631061
10.03	0.0654574
10.04	0.0678004
10.05	0.0701349
10.06	0.0724607
10.07	0.0747775
10.08	0.0770853
10.09	0.0793838
10.1	0.0816727
10.11	0.083952
10.12	0.0862213
10.13	0.0884805
10.14	0.0907295
10.15	0.0929679
10.16	0.0951957
10.17	0.0974126
10.18	0.0996184
10.19	0.101813
10.2	0.103996
10.21	0.106168
10.22	0.108327
10.23	0.110475
10.24	0.11261
10.25	0.114733
10.26	0.116844
10.27	0.118942
10.28	0.121027
10.29	0.123098
10.3	0.125157
10.31	0.127202
10.32	0.129233
10.33	0.131251
10.34	0.133255
10.35	0.135244
10.36	0.13722
10.37	0.13918
10.38	0.141127
10.39	0.143058
10.4	0.144974
10.41	0.146875
10.42	0.148761
10.43	0.150632
10.44	0.152487
10.45	0.154326
10.46	0.156149
10.47	0.157956
10.48	0.159747
10.49	0.161522
10.5	0.16328
10.51	0.165022
10.52	0.166746
10.53	0.168454
10.54	0.170144
10.55	0.171818
10.56	0.173474
10.57	0.175112
10.58	0.176733
10.59	0.178336
10.6	0.179921
10.61	0.181488
10.62	0.183037
10.63	0.184568
10.64	0.18608
10.65	0.187574
10.66	0.189049
10.67	0.190505
10.68	0.191942
10.69	0.193361
10.7	0.19476
10.71	0.19614
10.72	0.1975
10.73	0.198842
10.74	0.200163
10.75	0.201465
10.76	0.202747
10.77	0.204009
10.78	0.205252
10.79	0.206474
10.8	0.207676
10.81	0.208857
10.82	0.210019
10.83	0.21116
10.84	0.21228
10.85	0.21338
10.86	0.214459
10.87	0.215517
10.88	0.216555
10.89	0.217571
10.9	0.218566
10.91	0.219541
10.92	0.220494
10.93	0.221426
10.94	0.222336
10.95	0.223225
10.96	0.224093
10.97	0.224939
10.98	0.225764
10.99	0.226567
11	0.227348
11.01	0.228108
11.02	0.228845
11.03	0.229561
11.04	0.230255
11.05	0.230927
11.06	0.231577
11.07	0.232205
11.08	0.232811
11.09	0.233395
11.1	0.233957
11.11	0.234497
11.12	0.235014
11.13	0.235509
11.14	0.235982
11.15	0.236432
11.16	0.23686
11.17	0.237266
11.18	0.23765
11.19	0.238011
11.2	0.238349
11.21	0.238666
11.22	0.23896
11.23	0.239231
11.24	0.23948
11.25	0.239706
11.26	0.23991
11.27	0.240092
11.28	0.240251
11.29	0.240388
11.3	0.240502
11.31	0.240594
11.32	0.240663
11.33	0.24071
11.34	0.240734
11.35	0.240736
11.36	0.240716
11.37	0.240673
11.38	0.240608
11.39	0.240521
11.4	0.240411
11.41	0.240279
11.42	0.240125
11.43	0.239949
11.44	0.23975
11.45	0.23953
11.46	0.239287
11.47	0.239022
11.48	0.238735
11.49	0.238426
11.5	0.238095
11.51	0.237743
11.52	0.237368
11.53	0.236972
11.54	0.236554
11.55	0.236114
11.56	0.235653
11.57	0.23517
11.58	0.234665
11.59	0.234139
11.6	0.233592
11.61	0.233023
11.62	0.232434
11.63	0.231823
11.64	0.23119
11.65	0.230537
11.66	0.229863
11.67	0.229168
11.68	0.228452
11.69	0.227716
11.7	0.226959
11.71	0.226181
11.72	0.225383
11.73	0.224564
11.74	0.223725
11.75	0.222866
11.76	0.221987
11.77	0.221088
11.78	0.220169
11.79	0.219231
11.8	0.218272
11.81	0.217294
11.82	0.216296
11.83	0.215279
11.84	0.214243
11.85	0.213188
11.86	0.212113
11.87	0.21102
11.88	0.209908
11.89	0.208777
11.9	0.207627
11.91	0.206459
11.92	0.205273
11.93	0.204068
11.94	0.202846
11.95	0.201605
11.96	0.200347
11.97	0.19907
11.98	0.197777
11.99	0.196465
12	0.195137
12.01	0.193791
12.02	0.192428
12.03	0.191049
12.04	0.189652
12.05	0.188239
12.06	0.18681
12.07	0.185364
12.08	0.183902
12.09	0.182424
12.1	0.18093
12.11	0.17942
12.12	0.177895
12.13	0.176354
12.14	0.174798
12.15	0.173227
12.16	0.171641
12.17	0.17004
12.18	0.168424
12.19	0.166794
12.2	0.16515
12.21	0.163491
12.22	0.161819
12.23	0.160133
12.24	0.158433
12.25	0.156719
12.26	0.154992
12.27	0.153252
12.28	0.151499
12.29	0.149733
12.3	0.147955
12.31	0.146164
12.32	0.144361
12.33	0.142545
12.34	0.140718
12.35	0.138879
12.36	0.137029
12.37	0.135167
12.38	0.133293
12.39	0.131409
12.4	0.129514
12.41	0.127608
12.42	0.125692
12.43	0.123766
12.44	0.121829
12.45	0.119883
12.46	0.117926
12.47	0.115961
12.48	0.113986
12.49	0.112001
12.5	0.110008
12.51	0.108006
12.52	0.105996
12.53	0.103977
12.54	0.10195
12.55	0.0999144
12.56	0.0978715
12.57	0.095821
12.58	0.0937631
12.59	0.0916979
12.6	0.0896258
12.61	0.0875469
12.62	0.0854613
12.63	0.0833694
12.64	0.0812712
12.65	0.0791671
12.66	0.0770571
12.67	0.0749415
12.68	0.0728205
12.69	0.0706944
12.7	0.0685632
12.71	0.0664272
12.72	0.0642867
12.73	0.0621417
12.74	0.0599926
12.75	0.0578395
12.76	0.0556826
12.77	0.0535221
12.78	0.0513583
12.79	0.0491914
12.8	0.0470214
12.81	0.0448488
12.82	0.0426736
12.83	0.040496
12.84	0.0383163
12.85	0.0361347
12.86	0.0339514
12.87	0.0317666
12.88	0.0295805
12.89	0.0273932
12.9	0.025205
12.91	0.0230162
12.92	0.0208269
12.93	0.0186373
12.94	0.0164477
12.95	0.0142581
12.96	0.012069
12.97	0.00988035
12.98	0.00769248
12.99	0.00550556
13	0.00331981
13.01	0.00113542
13.02	-0.00104739
13.03	-0.00322844
13.04	-0.0054075
13.05	-0.00758438
13.06	-0.00975887
13.07	-0.0119308
13.08	-0.0140999
13.09	-0.016266
13.1	-0.0184289
13.11	-0.0205885
13.12	-0.0227444
13.13	-0.0248965
13.14	-0.0270447
13.15	-0.0291886
13.16	-0.0313282
13.17	-0.0334631
13.18	-0.0355933
13.19	-0.0377185
13.2	-0.0398384
13.21	-0.0419531
13.22	-0.0440621
13.23	-0.0461653
13.24	-0.0482626
13.25	-0.0503537
13.26	-0.0524385
13.27	-0.0545168
13.28	-0.0565882
13.29	-0.0586528
13.3	-0.0607103
13.31	-0.0627604
13.32	-0.0648031
13.33	-0.066838
13.34	-0.0688651
13.35	-0.0708842
13.36	-0.072895
13.37	-0.0748973
13.38	-0.0768911
13.39	-0.0788761
13.4	-0.0808521
13.41	-0.082819
13.42	-0.0847765
13.43	-0.0867245
13.44	-0.0886629
13.45	-0.0905913
13.46	-0.0925098
13.47	-0.094418
13.48	-0.0963158
13.49	-0.0982031
13.5	-0.10008
13.51	-0.101945
13.52	-0.1038
13.53	-0.105643
13.54	-0.107475
13.55	-0.109296
13.56	-0.111104
13.57	-0.112901
13.58	-0.114686
13.59	-0.116458
13.6	-0.118218
13.61	-0.119966
13.62	-0.121701
13.63	-0.123422
13.64	-0.125131
13.65	-0.126827
13.66	-0.12851
13.67	-0.130179
13.68	-0.131834
13.69	-0.133476
13.7	-0.135104
13.71	-0.136718
13.72	-0.138317
13.73	-0.139903
13.74	-0.141473
13.75	-0.14303
13.76	-0.144571
13.77	-0.146098
13.78	-0.147609
13.79	-0.149105
13.8	-0.150586
13.81	-0.152052
13.82	-0.153502
13.83	-0.154937
13.84	-0.156355
13.85	-0.157758
13.86	-0.159145
13.87	-0.160515
13.88	-0.16187
13.89	-0.163207
13.9	-0.164529
13.91	-0.165834
13.92	-0.167121
13.93	-0.168393
13.94	-0.169647
13.95	-0.170884
13.96	-0.172104
13.97	-0.173306
13.98	-0.174492
13.99	-0.175659
14	-0.176809
14.01	-0.177942
14.02	-0.179057
14.03	-0.180153
14.04	-0.181232
14.05	-0.182293
14.06	-0.183336
14.07	-0.18436
14.08	-0.185366
14.09	-0.186354
14.1	-0.187323
14.11	-0.188274
14.12	-0.189206
14.13	-0.190119
14.14	-0.191013
14.15	-0.191889
14.16	-0.192746
14.17	-0.193583
14.18	-0.194402
14.19	-0.195201
14.2	-0.195982
14.21	-0.196742
14.22	-0.197484
14.23	-0.198206
14.24	-0.198909
14.25	-0.199593
14.26	-0.200256
14.27	-0.200901
14.28	-0.201525
14.29	-0.20213
14.3	-0.202715
14.31	-0.20328
14.32	-0.203826
14.33	-0.204351
14.34	-0.204857
14.35	-0.205343
14.36	-0.205809
14.37	-0.206255
14.38	-0.206681
14.39	-0.207086
14.4	-0.207472
14.41	-0.207838
14.42	-0.208183
14.43	-0.208508
14.44	-0.208813
14.45	-0.209098
14.46	-0.209363
14.47	-0.209608
14.48	-0.209832
14.49	-0.210036
14.5	-0.21022
14.51	-0.210383
14.52	-0.210527
14.53	-0.21065
14.54	-0.210753
14.55	-0.210835
14.56	-0.210898
14.57	-0.21094
14.58	-0.210962
14.59	-0.210963
14.6	-0.210945
14.61	-0.210906
14.62	-0.210847
14.63	-0.210769
14.64	-0.210669
14.65	-0.21055
14.66	-0.210411
14.67	-0.210251
14.68	-0.210072
14.69	-0.209873
14.7	-0.209653
14.71	-0.209414
14.72	-0.209155
14.73	-0.208876
14.74	-0.208577
14.75	-0.208258
14.76	-0.20792
14.77	-0.207562
14.78	-0.207184
14.79	-0.206787
14.8	-0.20637
14.81	-0.205933
14.82	-0.205477
14.83	-0.205002
14.84	-0.204508
14.85	-0.203994
14.86	-0.203461
14.87	-0.202908
14.88	-0.202337
14.89	-0.201747
14.9	-0.201137
14.91	-0.200509
14.92	-0.199862
14.93	-0.199197
14.94	-0.198512
14.95	-0.197809
14.96	-0.197088
14.97	-0.196348
14.98	-0.19559
14.99	-0.194813
15	-0.194018
15.01	-0.193206
15.02	-0.192375
15.03	-0.191526
15.04	-0.19066
15.05	-0.189775
15.06	-0.188873
15.07	-0.187954
15.08	-0.187017
15.09	-0.186063
15.1	-0.185092
15.11	-0.184103
15.12	-0.183097
15.13	-0.182075
15.14	-0.181036
15.15	-0.17998
15.16	-0.178907
15.17	-0.177818
15.18	-0.176713
15.19	-0.175591
15.2	-0.174453
15.21	-0.173299
15.22	-0.17213
15.23	-0.170944
15.24	-0.169743
15.25	-0.168526
15.26	-0.167294
15.27	-0.166047
15.28	-0.164785
15.29	-0.163507
15.3	-0.162215
15.31	-0.160908
15.32	-0.159586
15.33	-0.15825
15.34	-0.156899
15.35	-0.155535
15.36	-0.154156
15.37	-0.152763
15.38	-0.151357
15.39	-0.149936
15.4	-0.148503
15.41	-0.147056
15.42	-0.145596
15.43	-0.144122
15.44	-0.142636
15.45	-0.141137
15.46	-0.139626
15.47	-0.138102
15.48	-0.136565
15.49	-0.135017
15.5	-0.133457
15.51	-0.131884
15.52	-0.1303
15.53	-0.128705
15.54	-0.127098
15.55	-0.12548
15.56	-0.123851
15.57	-0.122211
15.58	-0.120561
15.59	-0.118899
15.6	-0.117228
15.61	-0.115546
15.62	-0.113854
15.63	-0.112152
15.64	-0.110441
15.65	-0.10872
15.66	-0.10699
15.67	-0.10525
15.68	-0.103502
15.69	-0.101744
15.7	-0.0999782
15.71	-0.0982036
15.72	-0.0964207
15.73	-0.0946296
15.74	-0.0928306
15.75	-0.0910237
15.76	-0.0892093
15.77	-0.0873874
15.78	-0.0855582
15.79	-0.0837219
15.8	-0.0818787
15.81	-0.0800288
15.82	-0.0781724
15.83	-0.0763096
15.84	-0.0744407
15.85	-0.0725658
15.86	-0.070685
15.87	-0.0687986
15.88	-0.0669067
15.89	-0.0650096
15.9	-0.0631074
15.91	-0.0612003
15.92	-0.0592886
15.93	-0.0573723
15.94	-0.0554517
15.95	-0.0535269
15.96	-0.0515982
15.97	-0.0496657
15.98	-0.0477296
15.99	-0.0457902
16	-0.0438475
16.01	-0.0419018
16.02	-0.0399533
16.03	-0.0380022
16.04	-0.0360486
16.05	-0.0340927
16.06	-0.0321348
16.07	-0.030175
16.08	-0.0282135
16.09	-0.0262505
16.1	-0.0242862
16.11	-0.0223208
16.12	-0.0203544
16.13	-0.0183873
16.14	-0.0164196
16.15	-0.0144516
16.16	-0.0124834
16.17	-0.0105152
16.18	-0.00854717
16.19	-0.00657956
16.2	-0.00461253
16.21	-0.00264628
16.22	-0.000680973
16.23	0.00128318
16.24	0.00324601
16.25	0.00520731
16.26	0.0071669
16.27	0.00912459
16.28	0.0110802
16.29	0.0130335
16.3	0.0149844
16.31	0.0169327
16.32	0.0188781
16.33	0.0208205
16.34	0.0227597
16.35	0.0246955
16.36	0.0266277
16.37	0.0285562
16.38	0.0304807
16.39	0.0324012
16.4	0.0343173
16.41	0.0362289
16.42	0.0381359
16.43	0.0400381
16.44	0.0419352
16.45	0.0438271
16.46	0.0457136
16.47	0.0475945
16.48	0.0494697
16.49	0.051339
16.5	0.0532022
16.51	0.0550591
16.52	0.0569096
16.53	0.0587535
16.54	0.0605905
16.55	0.0624206
16.56	0.0642436
16.57	0.0660592
16.58	0.0678674
16.59	0.0696679
16.6	0.0714606
16.61	0.0732453
16.62	0.0750218
16.63	0.0767901
16.64	0.0785498
16.65	0.0803008
16.66	0.0820431
16.67	0.0837764
16.68	0.0855005
16.69	0.0872153
16.7	0.0889207
16.71	0.0906164
16.72	0.0923023
16.73	0.0939783
16.74	0.0956443
16.75	0.0972999
16.76	0.0989452
16.77	0.10058
16.78	0.102204
16.79	0.103817
16.8	0.105419
16.81	0.10701
16.82	0.10859
16.83	0.110158
16.84	0.111715
16.85	0.11326
16.86	0.114793
16.87	0.116314
16.88	0.117822
16.89	0.119319
16.9	0.120803
16.91	0.122275
16.92	0.123733
16.93	0.125179
16.94	0.126612
16.95	0.128032
16.96	0.129439
16.97	0.130832
16.98	0.132212
16.99	0.133578
17	0.134931
17.01	0.136269
17.02	0.137594
17.03	0.138904
17.04	0.140201
17.05	0.141482
17.06	0.14275
17.07	0.144003
17.08	0.145241
17.09	0.146464
17.1	0.147673
17.11	0.148866
17.12	0.150045
17.13	0.151208
17.14	0.152356
17.15	0.153488
17.16	0.154605
17.17	0.155706
17.18	0.156792
17.19	0.157861
17.2	0.158915
17.21	0.159953
17.22	0.160974
17.23	0.16198
17.24	0.162969
17.25	0.163941
17.26	0.164898
17.27	0.165837
17.28	0.166761
17.29	0.167667
17.3	0.168557
17.31	0.169429
17.32	0.170285
17.33	0.171124
17.34	0.171946
17.35	0.17275
17.36	0.173538
17.37	0.174308
17.38	0.175061
17.39	0.175796
17.4	0.176514
17.41	0.177214
17.42	0.177897
17.43	0.178562
17.44	0.179209
17.45	0.179839
17.46	0.180451
17.47	0.181045
17.48	0.181621
17.49	0.182179
17.5	0.182719
17.51	0.183241
17.52	0.183745
17.53	0.184231
17.54	0.184699
17.55	0.185148
17.56	0.18558
17.57	0.185993
17.58	0.186387
17.59	0.186764
17.6	0.187122
17.61	0.187462
17.62	0.187783
17.63	0.188086
17.64	0.188371
17.65	0.188637
17.66	0.188884
17.67	0.189113
17.68	0.189324
17.69	0.189516
17.7	0.18969
17.71	0.189845
17.72	0.189981
17.73	0.190099
17.74	0.190199
17.75	0.19028
17.76	0.190343
17.77	0.190386
17.78	0.190412
17.79	0.190419
17.8	0.190407
17.81	0.190377
17.82	0.190329
17.83	0.190262
17.84	0.190176
17.85	0.190072
17.86	0.18995
17.87	0.189809
17.88	0.18965
17.89	0.189473
17.9	0.189277
17.91	0.189064
17.92	0.188831
17.93	0.188581
17.94	0.188312
17.95	0.188026
17.96	0.187721
17.97	0.187398
17.98	0.187057
17.99	0.186698
18	0.186321
18.01	0.185926
18.02	0.185513
18.03	0.185083
18.04	0.184635
18.05	0.184169
18.06	0.183685
18.07	0.183184
18.08	0.182666
18.09	0.182129
18.1	0.181576
18.11	0.181005
18.12	0.180417
18.13	0.179811
18.14	0.179189
18.15	0.178549
18.16	0.177893
18.17	0.177219
18.18	0.176529
18.19	0.175821
18.2	0.175097
18.21	0.174357
18.22	0.1736
18.23	0.172826
18.24	0.172036
18.25	0.17123
18.26	0.170407
18.27	0.169569
18.28	0.168714
18.29	0.167843
18.3	0.166957
18.31	0.166055
18.32	0.165137
18.33	0.164203
18.34	0.163255
18.35	0.16229
18.36	0.161311
18.37	0.160316
18.38	0.159306
18.39	0.158282
18.4	0.157242
18.41	0.156188
18.42	0.155119
18.43	0.154035
18.44	0.152937
18.45	0.151825
18.46	0.150699
18.47	0.149559
18.48	0.148404
18.49	0.147236
18.5	0.146054
18.51	0.144859
18.52	0.14365
18.53	0.142428
18.54	0.141193
18.55	0.139944
18.56	0.138683
18.57	0.137408
18.58	0.136121
18.59	0.134822
18.6	0.13351
18.61	0.132186
18.62	0.130849
18.63	0.129501
18.64	0.128141
18.65	0.126769
18.66	0.125385
18.67	0.12399
18.68	0.122583
18.69	0.121166
18.7	0.119737
18.71	0.118297
18.72	0.116847
18.73	0.115386
18.74	0.113915
18.75	0.112433
18.76	0.110941
18.77	0.109439
18.78	0.107927
18.79	0.106406
18.8	0.104875
18.81	0.103334
18.82	0.101785
18.83	0.100226
18.84	0.0986583
18.85	0.0970818
18.86	0.0954967
18.87	0.0939032
18.88	0.0923013
18.89	0.0906912
18.9	0.0890732
18.91	0.0874474
18.92	0.0858139
18.93	0.0841729
18.94	0.0825245
18.95	0.080869
18.96	0.0792065
18.97	0.0775371
18.98	0.0758611
18.99	0.0741785
19	0.0724896
19.01	0.0707946
19.02	0.0690935
19.03	0.0673866
19.04	0.0656739
19.05	0.0639558
19.06	0.0622324
19.07	0.0605038
19.08	0.0587702
19.09	0.0570318
19.1	0.0552887
19.11	0.0535412
19.12	0.0517893
19.13	0.0500333
19.14	0.0482734
19.15	0.0465097
19.16	0.0447423
19.17	0.0429715
19.18	0.0411974
19.19	0.0394203
19.2	0.0376402
19.21	0.0358574
19.22	0.034072
19.23	0.0322842
19.24	0.0304942
19.25	0.0287022
19.26	0.0269083
19.27	0.0251127
19.28	0.0233155
19.29	0.0215171
19.3	0.0197174
19.31	0.0179168
19.32	0.0161154
19.33	0.0143133
19.34	0.0125107
19.35	0.0107079
19.36	0.00890496
19.37	0.00710207
19.38	0.00529943
19.39	0.00349719
19.4	0.00169554
19.41	-0.000105347
19.42	-0.0019053
19.43	-0.00370413
19.44	-0.00550168
19.45	-0.00729777
19.46	-0.00909222
19.47	-0.0108849
19.48	-0.0126755
19.49	-0.014464
19.5	-0.0162502
19.51	-0.0180339
19.52	-0.0198149
19.53	-0.0215929
19.54	-0.0233681
19.55	-0.02514
19.56	-0.0269086
19.57	-0.0286736
19.58	-0.030435
19.59	-0.0321925
19.6	-0.0339459
19.61	-0.0356951
19.62	-0.03744
19.63	-0.0391803
19.64	-0.0409159
19.65	-0.0426466
19.66	-0.0443723
19.67	-0.0460928
19.68	-0.0478079
19.69	-0.0495174
19.7	-0.0512212
19.71	-0.0529192
19.72	-0.0546112
19.73	-0.0562969
19.74	-0.0579763
19.75	-0.0596492
19.76	-0.0613155
19.77	-0.0629748
19.78	-0.0646272
19.79	-0.0662725
19.8	-0.0679104
19.81	-0.0695409
19.82	-0.0711638
19.83	-0.0727789
19.84	-0.0743861
19.85	-0.0759852
19.86	-0.0775761
19.87	-0.0791585
19.88	-0.0807325
19.89	-0.0822978
19.9	-0.0838542
19.91	-0.0854017
19.92	-0.0869401
19.93	-0.0884692
19.94	-0.0899889
19.95	-0.091499
19.96	-0.0929994
19.97	-0.09449
19.98	-0.0959706
19.99	-0.0974411
20	-0.0989014
