-1	1
-0.998	0.98009
-0.996	0.960359
-0.994	0.940806
-0.992	0.921431
-0.99	0.902233
-0.988	0.88321
-0.986	0.864362
-0.984	0.845689
-0.982	0.827188
-0.98	0.808861
-0.978	0.790705
-0.976	0.77272
-0.974	0.754904
-0.972	0.737259
-0.97	0.719781
-0.968	0.702471
-0.966	0.685328
-0.964	0.668351
-0.962	0.651539
-0.96	0.634891
-0.958	0.618407
-0.956	0.602086
-0.954	0.585926
-0.952	0.569928
-0.95	0.55409
-0.948	0.538411
-0.946	0.522892
-0.944	0.50753
-0.942	0.492325
-0.94	0.477277
-0.938	0.462384
-0.936	0.447646
-0.934	0.433062
-0.932	0.418631
-0.93	0.404353
-0.928	0.390226
-0.926	0.37625
-0.924	0.362424
-0.922	0.348747
-0.92	0.335219
-0.918	0.321839
-0.916	0.308605
-0.914	0.295518
-0.912	0.282577
-0.91	0.26978
-0.908	0.257126
-0.906	0.244616
-0.904	0.232249
-0.902	0.220023
-0.9	0.207937
-0.898	0.195992
-0.896	0.184187
-0.894	0.17252
-0.892	0.16099
-0.89	0.149598
-0.888	0.138342
-0.886	0.127222
-0.884	0.116236
-0.882	0.105385
-0.88	0.0946672
-0.878	0.0840819
-0.876	0.0736284
-0.874	0.0633061
-0.872	0.0531142
-0.87	0.043052
-0.868	0.0331188
-0.866	0.0233138
-0.864	0.0136362
-0.862	0.00408544
-0.86	-0.0053393
-0.858	-0.0146387
-0.856	-0.0238136
-0.854	-0.0328645
-0.852	-0.0417923
-0.85	-0.0505977
-0.848	-0.0592813
-0.846	-0.0678439
-0.844	-0.0762862
-0.842	-0.084609
-0.84	-0.0928128
-0.838	-0.100898
-0.836	-0.108867
-0.834	-0.116718
-0.832	-0.124453
-0.83	-0.132073
-0.828	-0.139579
-0.826	-0.14697
-0.824	-0.154248
-0.822	-0.161414
-0.82	-0.168467
-0.818	-0.17541
-0.816	-0.182242
-0.814	-0.188964
-0.812	-0.195577
-0.81	-0.202081
-0.808	-0.208478
-0.806	-0.214767
-0.804	-0.22095
-0.802	-0.227028
-0.8	-0.233
-0.798	-0.238868
-0.796	-0.244632
-0.794	-0.250293
-0.792	-0.255852
-0.79	-0.261309
-0.788	-0.266665
-0.786	-0.27192
-0.784	-0.277076
-0.782	-0.282133
-0.78	-0.287091
-0.778	-0.291952
-0.776	-0.296715
-0.774	-0.301382
-0.772	-0.305953
-0.77	-0.310429
-0.768	-0.314811
-0.766	-0.319099
-0.764	-0.323293
-0.762	-0.327395
-0.76	-0.331405
-0.758	-0.335323
-0.756	-0.339151
-0.754	-0.342889
-0.752	-0.346538
-0.75	-0.350098
-0.748	-0.353569
-0.746	-0.356953
-0.744	-0.360251
-0.742	-0.363462
-0.74	-0.366587
-0.738	-0.369628
-0.736	-0.372584
-0.734	-0.375456
-0.732	-0.378245
-0.73	-0.380952
-0.728	-0.383577
-0.726	-0.38612
-0.724	-0.388583
-0.722	-0.390966
-0.72	-0.393269
-0.718	-0.395493
-0.716	-0.397639
-0.714	-0.399708
-0.712	-0.401699
-0.71	-0.403614
-0.708	-0.405453
-0.706	-0.407217
-0.704	-0.408906
-0.702	-0.410521
-0.7	-0.412062
-0.698	-0.413531
-0.696	-0.414927
-0.694	-0.416252
-0.692	-0.417506
-0.69	-0.418688
-0.688	-0.419801
-0.686	-0.420845
-0.684	-0.42182
-0.682	-0.422726
-0.68	-0.423565
-0.678	-0.424336
-0.676	-0.425042
-0.674	-0.425681
-0.672	-0.426255
-0.67	-0.426763
-0.668	-0.427208
-0.666	-0.427589
-0.664	-0.427907
-0.662	-0.428162
-0.66	-0.428355
-0.658	-0.428487
-0.656	-0.428558
-0.654	-0.428568
-0.652	-0.428519
-0.65	-0.42841
-0.648	-0.428243
-0.646	-0.428017
-0.644	-0.427734
-0.642	-0.427394
-0.64	-0.426997
-0.638	-0.426544
-0.636	-0.426036
-0.634	-0.425472
-0.632	-0.424855
-0.63	-0.424183
-0.628	-0.423458
-0.626	-0.42268
-0.624	-0.42185
-0.622	-0.420968
-0.62	-0.420035
-0.618	-0.419052
-0.616	-0.418018
-0.614	-0.416934
-0.612	-0.415801
-0.61	-0.414619
-0.608	-0.41339
-0.606	-0.412113
-0.604	-0.410788
-0.602	-0.409417
-0.6	-0.408
-0.598	-0.406537
-0.596	-0.405029
-0.594	-0.403477
-0.592	-0.401881
-0.59	-0.40024
-0.588	-0.398557
-0.586	-0.396831
-0.584	-0.395064
-0.582	-0.393254
-0.58	-0.391403
-0.578	-0.389512
-0.576	-0.387581
-0.574	-0.385609
-0.572	-0.383599
-0.57	-0.38155
-0.568	-0.379463
-0.566	-0.377338
-0.564	-0.375175
-0.562	-0.372976
-0.56	-0.370741
-0.558	-0.36847
-0.556	-0.366163
-0.554	-0.363821
-0.552	-0.361445
-0.55	-0.359035
-0.548	-0.356592
-0.546	-0.354115
-0.544	-0.351606
-0.542	-0.349064
-0.54	-0.346491
-0.538	-0.343887
-0.536	-0.341252
-0.534	-0.338586
-0.532	-0.335891
-0.53	-0.333166
-0.528	-0.330413
-0.526	-0.32763
-0.524	-0.32482
-0.522	-0.321982
-0.52	-0.319117
-0.518	-0.316225
-0.516	-0.313306
-0.514	-0.310362
-0.512	-0.307392
-0.51	-0.304397
-0.508	-0.301378
-0.506	-0.298334
-0.504	-0.295267
-0.502	-0.292176
-0.5	-0.289062
-0.498	-0.285926
-0.496	-0.282768
-0.494	-0.279588
-0.492	-0.276387
-0.49	-0.273165
-0.488	-0.269923
-0.486	-0.26666
-0.484	-0.263378
-0.482	-0.260077
-0.48	-0.256757
-0.478	-0.253418
-0.476	-0.250062
-0.474	-0.246688
-0.472	-0.243297
-0.47	-0.239889
-0.468	-0.236465
-0.466	-0.233024
-0.464	-0.229568
-0.462	-0.226097
-0.46	-0.222611
-0.458	-0.219111
-0.456	-0.215596
-0.454	-0.212068
-0.452	-0.208527
-0.45	-0.204973
-0.448	-0.201406
-0.446	-0.197827
-0.444	-0.194236
-0.442	-0.190634
-0.44	-0.187021
-0.438	-0.183397
-0.436	-0.179763
-0.434	-0.176119
-0.432	-0.172465
-0.43	-0.168802
-0.428	-0.165131
-0.426	-0.161451
-0.424	-0.157763
-0.422	-0.154067
-0.42	-0.150363
-0.418	-0.146653
-0.416	-0.142936
-0.414	-0.139212
-0.412	-0.135483
-0.41	-0.131748
-0.408	-0.128008
-0.406	-0.124262
-0.404	-0.120512
-0.402	-0.116758
-0.4	-0.113
-0.398	-0.109238
-0.396	-0.105473
-0.394	-0.101705
-0.392	-0.0979348
-0.39	-0.094162
-0.388	-0.0903872
-0.386	-0.0866108
-0.384	-0.0828332
-0.382	-0.0790546
-0.38	-0.0752753
-0.378	-0.0714957
-0.376	-0.0677161
-0.374	-0.0639368
-0.372	-0.0601582
-0.37	-0.0563805
-0.368	-0.052604
-0.366	-0.0488291
-0.364	-0.045056
-0.362	-0.0412852
-0.36	-0.0375168
-0.358	-0.0337512
-0.356	-0.0299887
-0.354	-0.0262296
-0.352	-0.0224741
-0.35	-0.0187227
-0.348	-0.0149755
-0.346	-0.0112328
-0.344	-0.00749509
-0.342	-0.00376247
-0.34	-3.53e-05
-0.338	0.00368615
-0.336	0.00740159
-0.334	0.0111107
-0.332	0.0148133
-0.33	0.018509
-0.328	0.0221976
-0.326	0.0258788
-0.324	0.0295523
-0.322	0.0332179
-0.32	0.0368752
-0.318	0.040524
-0.316	0.0441641
-0.314	0.0477951
-0.312	0.0514169
-0.31	0.055029
-0.308	0.0586314
-0.306	0.0622237
-0.304	0.0658056
-0.302	0.069377
-0.3	0.0729375
-0.298	0.0764869
-0.296	0.080025
-0.294	0.0835514
-0.292	0.087066
-0.29	0.0905685
-0.288	0.0940587
-0.286	0.0975363
-0.284	0.101001
-0.282	0.104453
-0.28	0.107891
-0.278	0.111316
-0.276	0.114727
-0.274	0.118124
-0.272	0.121507
-0.27	0.124876
-0.268	0.128229
-0.266	0.131568
-0.264	0.134892
-0.262	0.1382
-0.26	0.141493
-0.258	0.14477
-0.256	0.14803
-0.254	0.151275
-0.252	0.154503
-0.25	0.157715
-0.248	0.160909
-0.246	0.164087
-0.244	0.167247
-0.242	0.17039
-0.24	0.173515
-0.238	0.176622
-0.236	0.179711
-0.234	0.182782
-0.232	0.185834
-0.23	0.188868
-0.228	0.191883
-0.226	0.194878
-0.224	0.197855
-0.222	0.200811
-0.22	0.203749
-0.218	0.206666
-0.216	0.209563
-0.214	0.212441
-0.212	0.215297
-0.21	0.218134
-0.208	0.220949
-0.206	0.223744
-0.204	0.226517
-0.202	0.229269
-0.2	0.232
-0.198	0.234709
-0.196	0.237397
-0.194	0.240062
-0.192	0.242705
-0.19	0.245327
-0.188	0.247925
-0.186	0.250501
-0.184	0.253055
-0.182	0.255585
-0.18	0.258093
-0.178	0.260577
-0.176	0.263038
-0.174	0.265475
-0.172	0.267889
-0.17	0.270279
-0.168	0.272645
-0.166	0.274987
-0.164	0.277305
-0.162	0.279598
-0.16	0.281867
-0.158	0.284112
-0.156	0.286331
-0.154	0.288526
-0.152	0.290695
-0.15	0.29284
-0.148	0.294959
-0.146	0.297053
-0.144	0.299121
-0.142	0.301164
-0.14	0.303181
-0.138	0.305172
-0.136	0.307137
-0.134	0.309076
-0.132	0.310988
-0.13	0.312875
-0.128	0.314734
-0.126	0.316568
-0.124	0.318374
-0.122	0.320154
-0.12	0.321907
-0.118	0.323633
-0.116	0.325332
-0.114	0.327004
-0.112	0.328648
-0.11	0.330266
-0.108	0.331855
-0.106	0.333417
-0.104	0.334952
-0.102	0.336459
-0.1	0.337938
-0.098	0.339389
-0.096	0.340812
-0.094	0.342207
-0.092	0.343573
-0.09	0.344912
-0.088	0.346222
-0.086	0.347504
-0.084	0.348758
-0.082	0.349983
-0.08	0.351179
-0.078	0.352347
-0.076	0.353486
-0.074	0.354596
-0.072	0.355678
-0.07	0.35673
-0.068	0.357754
-0.066	0.358748
-0.064	0.359713
-0.062	0.36065
-0.06	0.361557
-0.058	0.362435
-0.056	0.363283
-0.054	0.364102
-0.052	0.364892
-0.05	0.365652
-0.048	0.366383
-0.046	0.367085
-0.044	0.367756
-0.042	0.368399
-0.04	0.369011
-0.038	0.369594
-0.036	0.370147
-0.034	0.370671
-0.032	0.371165
-0.03	0.371629
-0.028	0.372063
-0.026	0.372467
-0.024	0.372841
-0.022	0.373186
-0.02	0.373501
-0.018	0.373785
-0.016	0.37404
-0.014	0.374265
-0.012	0.37446
-0.01	0.374625
-0.008	0.37476
-0.006	0.374865
-0.004	0.37494
-0.002	0.374985
2.08167e-17	0.375
0.002	0.374985
0.004	0.37494
0.006	0.374865
0.008	0.37476
0.01	0.374625
0.012	0.37446
0.014	0.374265
0.016	0.37404
0.018	0.373785
0.02	0.373501
0.022	0.373186
0.024	0.372841
0.026	0.372467
0.028	0.372063
0.03	0.371629
0.032	0.371165
0.034	0.370671
0.036	0.370147
0.038	0.369594
0.04	0.369011
0.042	0.368399
0.044	0.367756
0.046	0.367085
0.048	0.366383
0.05	0.365652
0.052	0.364892
0.054	0.364102
0.056	0.363283
0.058	0.362435
0.06	0.361557
0.062	0.36065
0.064	0.359713
0.066	0.358748
0.068	0.357754
0.07	0.35673
0.072	0.355678
0.074	0.354596
0.076	0.353486
0.078	0.352347
0.08	0.351179
0.082	0.349983
0.084	0.348758
0.086	0.347504
0.088	0.346222
0.09	0.344912
0.092	0.343573
0.094	0.342207
0.096	0.340812
0.098	0.339389
0.1	0.337938
0.102	0.336459
0.104	0.334952
0.106	0.333417
0.108	0.331855
0.11	0.330266
0.112	0.328648
0.114	0.327004
0.116	0.325332
0.118	0.323633
0.12	0.321907
0.122	0.320154
0.124	0.318374
0.126	0.316568
0.128	0.314734
0.13	0.312875
0.132	0.310988
0.134	0.309076
0.136	0.307137
0.138	0.305172
0.14	0.303181
0.142	0.301164
0.144	0.299121
0.146	0.297053
0.148	0.294959
0.15	0.29284
0.152	0.290695
0.154	0.288526
0.156	0.286331
0.158	0.284112
0.16	0.281867
0.162	0.279598
0.164	0.277305
0.166	0.274987
0.168	0.272645
0.17	0.270279
0.172	0.267889
0.174	0.265475
0.176	0.263038
0.178	0.260577
0.18	0.258093
0.182	0.255585
0.184	0.253055
0.186	0.250501
0.188	0.247925
0.19	0.245327
0.192	0.242705
0.194	0.240062
0.196	0.237397
0.198	0.234709
0.2	0.232
0.202	0.229269
0.204	0.226517
0.206	0.223744
0.208	0.220949
0.21	0.218134
0.212	0.215297
0.214	0.212441
0.216	0.209563
0.218	0.206666
0.22	0.203749
0.222	0.200811
0.224	0.197855
0.226	0.194878
0.228	0.191883
0.23	0.188868
0.232	0.185834
0.234	0.182782
0.236	0.179711
0.238	0.176622
0.24	0.173515
0.242	0.17039
0.244	0.167247
0.246	0.164087
0.248	0.160909
0.25	0.157715
0.252	0.154503
0.254	0.151275
0.256	0.14803
0.258	0.14477
0.26	0.141493
0.262	0.1382
0.264	0.134892
0.266	0.131568
0.268	0.128229
0.27	0.124876
0.272	0.121507
0.274	0.118124
0.276	0.114727
0.278	0.111316
0.28	0.107891
0.282	0.104453
0.284	0.101001
0.286	0.0975363
0.288	0.0940587
0.29	0.0905685
0.292	0.087066
0.294	0.0835514
0.296	0.080025
0.298	0.0764869
0.3	0.0729375
0.302	0.069377
0.304	0.0658056
0.306	0.0622237
0.308	0.0586314
0.31	0.055029
0.312	0.0514169
0.314	0.0477951
0.316	0.0441641
0.318	0.040524
0.32	0.0368752
0.322	0.0332179
0.324	0.0295523
0.326	0.0258788
0.328	0.0221976
0.33	0.018509
0.332	0.0148133
0.334	0.0111107
0.336	0.00740159
0.338	0.00368615
0.34	-3.53e-05
0.342	-0.00376247
0.344	-0.00749509
0.346	-0.0112328
0.348	-0.0149755
0.35	-0.0187227
0.352	-0.0224741
0.354	-0.0262296
0.356	-0.0299887
0.358	-0.0337512
0.36	-0.0375168
0.362	-0.0412852
0.364	-0.045056
0.366	-0.0488291
0.368	-0.052604
0.37	-0.0563805
0.372	-0.0601582
0.374	-0.0639368
0.376	-0.0677161
0.378	-0.0714957
0.38	-0.0752753
0.382	-0.0790546
0.384	-0.0828332
0.386	-0.0866108
0.388	-0.0903872
0.39	-0.094162
0.392	-0.0979348
0.394	-0.101705
0.396	-0.105473
0.398	-0.109238
0.4	-0.113
0.402	-0.116758
0.404	-0.120512
0.406	-0.124262
0.408	-0.128008
0.41	-0.131748
0.412	-0.135483
0.414	-0.139212
0.416	-0.142936
0.418	-0.146653
0.42	-0.150363
0.422	-0.154067
0.424	-0.157763
0.426	-0.161451
0.428	-0.165131
0.43	-0.168802
0.432	-0.172465
0.434	-0.176119
0.436	-0.179763
0.438	-0.183397
0.44	-0.187021
0.442	-0.190634
0.444	-0.194236
0.446	-0.197827
0.448	-0.201406
0.45	-0.204973
0.452	-0.208527
0.454	-0.212068
0.456	-0.215596
0.458	-0.219111
0.46	-0.222611
0.462	-0.226097
0.464	-0.229568
0.466	-0.233024
0.468	-0.236465
0.47	-0.239889
0.472	-0.243297
0.474	-0.246688
0.476	-0.250062
0.478	-0.253418
0.48	-0.256757
0.482	-0.260077
0.484	-0.263378
0.486	-0.26666
0.488	-0.269923
0.49	-0.273165
0.492	-0.276387
0.494	-0.279588
0.496	-0.282768
0.498	-0.285926
0.5	-0.289062
0.502	-0.292176
0.504	-0.295267
0.506	-0.298334
0.508	-0.301378
0.51	-0.304397
0.512	-0.307392
0.514	-0.310362
0.516	-0.313306
0.518	-0.316225
0.52	-0.319117
0.522	-0.321982
0.524	-0.32482
0.526	-0.32763
0.528	-0.330413
0.53	-0.333166
0.532	-0.335891
0.534	-0.338586
0.536	-0.341252
0.538	-0.343887
0.54	-0.346491
0.542	-0.349064
0.544	-0.351606
0.546	-0.354115
0.548	-0.356592
0.55	-0.359035
0.552	-0.361445
0.554	-0.363821
0.556	-0.366163
0.558	-0.36847
0.56	-0.370741
0.562	-0.372976
0.564	-0.375175
0.566	-0.377338
0.568	-0.379463
0.57	-0.38155
0.572	-0.383599
0.574	-0.385609
0.576	-0.387581
0.578	-0.389512
0.58	-0.391403
0.582	-0.393254
0.584	-0.395064
0.586	-0.396831
0.588	-0.398557
0.59	-0.40024
0.592	-0.401881
0.594	-0.403477
0.596	-0.405029
0.598	-0.406537
0.6	-0.408
0.602	-0.409417
0.604	-0.410788
0.606	-0.412113
0.608	-0.41339
0.61	-0.414619
0.612	-0.415801
0.614	-0.416934
0.616	-0.418018
0.618	-0.419052
0.62	-0.420035
0.622	-0.420968
0.624	-0.42185
0.626	-0.42268
0.628	-0.423458
0.63	-0.424183
0.632	-0.424855
0.634	-0.425472
0.636	-0.426036
0.638	-0.426544
0.64	-0.426997
0.642	-0.427394
0.644	-0.427734
0.646	-0.428017
0.648	-0.428243
0.65	-0.42841
0.652	-0.428519
0.654	-0.428568
0.656	-0.428558
0.658	-0.428487
0.66	-0.428355
0.662	-0.428162
0.664	-0.427907
0.666	-0.427589
0.668	-0.427208
0.67	-0.426763
0.672	-0.426255
0.674	-0.425681
0.676	-0.425042
0.678	-0.424336
0.68	-0.423565
0.682	-0.422726
0.684	-0.42182
0.686	-0.420845
0.688	-0.419801
0.69	-0.418688
0.692	-0.417506
0.694	-0.416252
0.696	-0.414927
0.698	-0.413531
0.7	-0.412062
0.702	-0.410521
0.704	-0.408906
0.706	-0.407217
0.708	-0.405453
0.71	-0.403614
0.712	-0.401699
0.714	-0.399708
0.716	-0.397639
0.718	-0.395493
0.72	-0.393269
0.722	-0.390966
0.724	-0.388583
0.726	-0.38612
0.728	-0.383577
0.73	-0.380952
0.732	-0.378245
0.734	-0.375456
0.736	-0.372584
0.738	-0.369628
0.74	-0.366587
0.742	-0.363462
0.744	-0.360251
0.746	-0.356953
0.748	-0.353569
0.75	-0.350098
0.752	-0.346538
0.754	-0.342889
0.756	-0.339151
0.758	-0.335323
0.76	-0.331405
0.762	-0.327395
0.764	-0.323293
0.766	-0.319099
0.768	-0.314811
0.77	-0.310429
0.772	-0.305953
0.774	-0.301382
0.776	-0.296715
0.778	-0.291952
0.78	-0.287091
0.782	-0.282133
0.784	-0.277076
0.786	-0.27192
0.788	-0.266665
0.79	-0.261309
0.792	-0.255852
0.794	-0.250293
0.796	-0.244632
0.798	-0.238868
0.8	-0.233
0.802	-0.227028
0.804	-0.22095
0.806	-0.214767
0.808	-0.208478
0.81	-0.202081
0.812	-0.195577
0.814	-0.188964
0.816	-0.182242
0.818	-0.17541
0.82	-0.168467
0.822	-0.161414
0.824	-0.154248
0.826	-0.14697
0.828	-0.139579
0.83	-0.132073
0.832	-0.124453
0.834	-0.116718
0.836	-0.108867
0.838	-0.100898
0.84	-0.0928128
0.842	-0.084609
0.844	-0.0762862
0.846	-0.0678439
0.848	-0.0592813
0.85	-0.0505977
0.852	-0.0417923
0.854	-0.0328645
0.856	-0.0238136
0.858	-0.0146387
0.86	-0.0053393
0.862	0.00408544
0.864	0.0136362
0.866	0.0233138
0.868	0.0331188
0.87	0.043052
0.872	0.0531142
0.874	0.0633061
0.876	0.0736284
0.878	0.0840819
0.88	0.0946672
0.882	0.105385
0.884	0.116236
0.886	0.127222
0.888	0.138342
0.89	0.149598
0.892	0.16099
0.894	0.17252
0.896	0.184187
0.898	0.195992
0.9	0.207937
0.902	0.220023
0.904	0.232249
0.906	0.244616
0.908	0.257126
0.91	0.26978
0.912	0.282577
0.914	0.295518
0.916	0.308605
0.918	0.321839
0.92	0.335219
0.922	0.348747
0.924	0.362424
0.926	0.37625
0.928	0.390226
0.93	0.404353
0.932	0.418631
0.934	0.433062
0.936	0.447646
0.938	0.462384
0.94	0.477277
0.942	0.492325
0.944	0.50753
0.946	0.522892
0.948	0.538411
0.95	0.55409
0.952	0.569928
0.954	0.585926
0.956	0.602086
0.958	0.618407
0.96	0.634891
0.962	0.651539
0.964	0.668351
0.966	0.685328
0.968	0.702471
0.97	0.719781
0.972	0.737259
0.974	0.754904
0.976	0.77272
0.978	0.790705
0.98	0.808861
0.982	0.827188
0.984	0.845689
0.986	0.864362
0.988	0.88321
0.99	0.902233
0.992	0.921431
0.994	0.940806
0.996	0.960359
0.998	0.98009
1	1
