0	1	5
0.01	1.05	5.13438
0.02	1.10134	5.26646
0.03	1.15401	5.39544
0.04	1.20796	5.52045
0.05	1.26317	5.64055
0.06	1.31957	5.75476
0.07	1.37712	5.86204
0.08	1.43574	5.96133
0.09	1.49535	6.05153
0.1	1.55587	6.13154
0.11	1.61718	6.20027
0.12	1.67919	6.25667
0.13	1.74175	6.29971
0.14	1.80475	6.32846
0.15	1.86804	6.34208
0.16	1.93146	6.33986
0.17	1.99486	6.32121
0.18	2.05807	6.28573
0.19	2.12092	6.2332
0.2	2.18326	6.16359
0.21	2.24489	6.07706
0.22	2.30566	5.97403
0.23	2.3654	5.85508
0.24	2.42395	5.72102
0.25	2.48116	5.57286
0.26	2.53689	5.41174
0.27	2.59101	5.23899
0.28	2.6434	5.05604
0.29	2.69396	4.86441
0.3	2.74261	4.66566
0.31	2.78926	4.46141
0.32	2.83388	4.25324
0.33	2.87641	4.0427
0.34	2.91684	3.83129
0.35	2.95515	3.62041
0.36	2.99135	3.41135
0.37	3.02547	3.20529
0.38	3.05752	3.00329
0.39	3.08755	2.80624
0.4	3.11561	2.61493
0.41	3.14176	2.43
0.42	3.16606	2.25195
0.43	3.18858	2.08119
0.44	3.20939	1.91798
0.45	3.22857	1.76249
0.46	3.2462	1.6148
0.47	3.26235	1.4749
0.48	3.2771	1.34273
0.49	3.29052	1.21815
0.5	3.3027	1.10098
0.51	3.31371	0.990984
0.52	3.32362	0.887918
0.53	3.3325	0.791501
0.54	3.34042	0.701438
0.55	3.34743	0.617423
0.56	3.35361	0.539144
0.57	3.359	0.466289
0.58	3.36366	0.398547
0.59	3.36765	0.335613
0.6	3.371	0.27719
0.61	3.37378	0.222989
0.62	3.37601	0.172733
0.63	3.37773	0.126158
0.64	3.37899	0.0830102
0.65	3.37982	0.0430499
0.66	3.38025	0.00605044
0.67	3.38032	-0.0282021
0.68	3.38003	-0.0599085
0.69	3.37943	-0.0892573
0.7	3.37854	-0.116425
0.71	3.37738	-0.141575
0.72	3.37596	-0.164862
0.73	3.37431	-0.186429
0.74	3.37245	-0.206407
0.75	3.37038	-0.22492
0.76	3.36814	-0.242083
0.77	3.36571	-0.258
0.78	3.36313	-0.27277
0.79	3.36041	-0.286483
0.8	3.35754	-0.299222
0.81	3.35455	-0.311065
0.82	3.35144	-0.322083
0.83	3.34822	-0.332341
0.84	3.34489	-0.3419
0.85	3.34148	-0.350816
0.86	3.33797	-0.35914
0.87	3.33438	-0.36692
0.88	3.33071	-0.374199
0.89	3.32697	-0.381018
0.9	3.32315	-0.387413
0.91	3.31928	-0.393419
0.92	3.31535	-0.399066
0.93	3.31136	-0.404385
0.94	3.30731	-0.4094
0.95	3.30322	-0.414138
0.96	3.29908	-0.41862
0.97	3.29489	-0.422867
0.98	3.29066	-0.426898
0.99	3.28639	-0.430731
1	3.28209	-0.434383
1.01	3.27774	-0.437867
1.02	3.27336	-0.441198
1.03	3.26895	-0.444389
1.04	3.26451	-0.447451
1.05	3.26003	-0.450395
1.06	3.25553	-0.453231
1.07	3.251	-0.455969
1.08	3.24644	-0.458616
1.09	3.24185	-0.46118
1.1	3.23724	-0.463669
1.11	3.2326	-0.46609
1.12	3.22794	-0.468448
1.13	3.22326	-0.47075
1.14	3.21855	-0.473
1.15	3.21382	-0.475204
1.16	3.20907	-0.477366
1.17	3.20429	-0.47949
1.18	3.1995	-0.48158
1.19	3.19468	-0.48364
1.2	3.18985	-0.485673
1.21	3.18499	-0.487682
1.22	3.18011	-0.489671
1.23	3.17522	-0.491641
1.24	3.1703	-0.493596
1.25	3.16536	-0.495538
1.26	3.16041	-0.497468
1.27	3.15543	-0.499389
1.28	3.15044	-0.501304
1.29	3.14543	-0.503212
1.3	3.14039	-0.505118
1.31	3.13534	-0.507021
1.32	3.13027	-0.508923
1.33	3.12518	-0.510827
1.34	3.12008	-0.512732
1.35	3.11495	-0.514641
1.36	3.1098	-0.516555
1.37	3.10464	-0.518474
1.38	3.09945	-0.520399
1.39	3.09425	-0.522333
1.4	3.08902	-0.524275
1.41	3.08378	-0.526227
1.42	3.07852	-0.528189
1.43	3.07324	-0.530163
1.44	3.06794	-0.532148
1.45	3.06261	-0.534147
1.46	3.05727	-0.536159
1.47	3.05191	-0.538186
1.48	3.04653	-0.540228
1.49	3.04113	-0.542286
1.5	3.0357	-0.54436
1.51	3.03026	-0.546451
1.52	3.0248	-0.54856
1.53	3.01931	-0.550688
1.54	3.0138	-0.552834
1.55	3.00828	-0.555
1.56	3.00273	-0.557187
1.57	2.99715	-0.559394
1.58	2.99156	-0.561623
1.59	2.98594	-0.563874
1.6	2.9803	-0.566147
1.61	2.97464	-0.568444
1.62	2.96896	-0.570765
1.63	2.96325	-0.57311
1.64	2.95752	-0.57548
1.65	2.95177	-0.577876
1.66	2.94599	-0.580298
1.67	2.94018	-0.582746
1.68	2.93436	-0.585223
1.69	2.9285	-0.587727
1.7	2.92263	-0.59026
1.71	2.91672	-0.592823
1.72	2.9108	-0.595416
1.73	2.90484	-0.598039
1.74	2.89886	-0.600693
1.75	2.89285	-0.60338
1.76	2.88682	-0.606099
1.77	2.88076	-0.608852
1.78	2.87467	-0.611639
1.79	2.86855	-0.614461
1.8	2.86241	-0.617318
1.81	2.85624	-0.620212
1.82	2.85003	-0.623143
1.83	2.8438	-0.626112
1.84	2.83754	-0.629119
1.85	2.83125	-0.632166
1.86	2.82493	-0.635254
1.87	2.81858	-0.638383
1.88	2.81219	-0.641554
1.89	2.80578	-0.644769
1.9	2.79933	-0.648027
1.91	2.79285	-0.65133
1.92	2.78634	-0.65468
1.93	2.77979	-0.658076
1.94	2.77321	-0.661521
1.95	2.76659	-0.665015
1.96	2.75994	-0.668559
1.97	2.75326	-0.672154
1.98	2.74654	-0.675802
1.99	2.73978	-0.679503
2	2.73298	-0.68326
2.01	2.72615	-0.687073
2.02	2.71928	-0.690943
2.03	2.71237	-0.694872
2.04	2.70542	-0.698861
2.05	2.69843	-0.702912
2.06	2.6914	-0.707026
2.07	2.68433	-0.711205
2.08	2.67722	-0.715449
2.09	2.67007	-0.719762
2.1	2.66287	-0.724144
2.11	2.65563	-0.728596
2.12	2.64834	-0.733122
2.13	2.64101	-0.737722
2.14	2.63363	-0.742399
2.15	2.62621	-0.747154
2.16	2.61874	-0.751989
2.17	2.61122	-0.756907
2.18	2.60365	-0.761909
2.19	2.59603	-0.766998
2.2	2.58836	-0.772175
2.21	2.58064	-0.777444
2.22	2.57286	-0.782807
2.23	2.56504	-0.788265
2.24	2.55715	-0.793823
2.25	2.54921	-0.799481
2.26	2.54122	-0.805244
2.27	2.53317	-0.811113
2.28	2.52506	-0.817092
2.29	2.51689	-0.823185
2.3	2.50865	-0.829393
2.31	2.50036	-0.83572
2.32	2.492	-0.84217
2.33	2.48358	-0.848746
2.34	2.47509	-0.855452
2.35	2.46654	-0.862291
2.36	2.45792	-0.869268
2.37	2.44922	-0.876386
2.38	2.44046	-0.88365
2.39	2.43162	-0.891064
2.4	2.42271	-0.898632
2.41	2.41373	-0.90636
2.42	2.40466	-0.914252
2.43	2.39552	-0.922312
2.44	2.3863	-0.930548
2.45	2.37699	-0.938963
2.46	2.3676	-0.947563
2.47	2.35813	-0.956355
2.48	2.34856	-0.965345
2.49	2.33891	-0.974539
2.5	2.32916	-0.983943
2.51	2.31932	-0.993565
2.52	2.30939	-1.00341
2.53	2.29935	-1.01349
2.54	2.28922	-1.02381
2.55	2.27898	-1.03438
2.56	2.26864	-1.0452
2.57	2.25819	-1.0563
2.58	2.24762	-1.06766
2.59	2.23695	-1.07931
2.6	2.22615	-1.09126
2.61	2.21524	-1.10351
2.62	2.2042	-1.11608
2.63	2.19304	-1.12897
2.64	2.18175	-1.14221
2.65	2.17033	-1.1558
2.66	2.15877	-1.16976
2.67	2.14708	-1.18409
2.68	2.13524	-1.19882
2.69	2.12325	-1.21396
2.7	2.11111	-1.22953
2.71	2.09881	-1.24554
2.72	2.08636	-1.26201
2.73	2.07374	-1.27895
2.74	2.06095	-1.2964
2.75	2.04798	-1.31436
2.76	2.03484	-1.33286
2.77	2.02151	-1.35192
2.78	2.00799	-1.37157
2.79	1.99428	-1.39182
2.8	1.98036	-1.41272
2.81	1.96623	-1.43427
2.82	1.95189	-1.45652
2.83	1.93732	-1.47948
2.84	1.92253	-1.50321
2.85	1.9075	-1.52771
2.86	1.89222	-1.55304
2.87	1.87669	-1.57924
2.88	1.8609	-1.60633
2.89	1.84483	-1.63436
2.9	1.82849	-1.66337
2.91	1.81186	-1.69342
2.92	1.79492	-1.72455
2.93	1.77768	-1.75681
2.94	1.76011	-1.79026
2.95	1.74221	-1.82495
2.96	1.72396	-1.86095
2.97	1.70535	-1.89832
2.98	1.68636	-1.93713
2.99	1.66699	-1.97746
3	1.64722	-2.01938
3.01	1.62702	-2.06296
3.02	1.60639	-2.10831
3.03	1.58531	-2.15551
3.04	1.56376	-2.20466
3.05	1.54171	-2.25586
3.06	1.51915	-2.30923
3.07	1.49606	-2.36487
3.08	1.47241	-2.42292
3.09	1.44818	-2.4835
3.1	1.42335	-2.54676
3.11	1.39788	-2.61285
3.12	1.37175	-2.68191
3.13	1.34493	-2.75413
3.14	1.31739	-2.82967
3.15	1.28909	-2.90872
3.16	1.26	-2.99149
3.17	1.23009	-3.07819
3.18	1.19931	-3.16903
3.19	1.16762	-3.26427
3.2	1.13498	-3.36414
3.21	1.10133	-3.46891
3.22	1.06664	-3.57887
3.23	1.03086	-3.6943
3.24	0.993913	-3.81552
3.25	0.955758	-3.94284
3.26	0.916329	-4.07661
3.27	0.875563	-4.21718
3.28	0.833391	-4.36491
3.29	0.789742	-4.52018
3.3	0.74454	-4.68338
3.31	0.697707	-4.85489
3.32	0.649158	-5.03512
3.33	0.598807	-5.22446
3.34	0.546562	-5.4233
3.35	0.492329	-5.632
3.36	0.436009	-5.85094
3.37	0.3775	-6.08041
3.38	0.316695	-6.3207
3.39	0.253488	-6.572
3.4	0.187768	-6.83444
3.41	0.119424	-7.10804
3.42	0.0483437	-7.39268
3.43	-0.0255831	-7.68808
3.44	-0.102464	-7.99377
3.45	-0.182402	-8.30904
3.46	-0.265492	-8.63289
3.47	-0.351821	-8.964
3.48	-0.441461	-9.30067
3.49	-0.534468	-9.64079
3.5	-0.630875	-9.98174
3.51	-0.730693	-10.3204
3.52	-0.833897	-10.6531
3.53	-0.940428	-10.9756
3.54	-1.05018	-11.2831
3.55	-1.16302	-11.5702
3.56	-1.27872	-11.831
3.57	-1.39703	-12.0594
3.58	-1.51762	-12.2488
3.59	-1.64011	-12.3929
3.6	-1.76404	-12.4853
3.61	-1.88889	-12.5204
3.62	-2.0141	-12.4932
3.63	-2.13903	-12.3999
3.64	-2.26303	-12.2382
3.65	-2.38541	-12.0075
3.66	-2.50548	-11.709
3.67	-2.62257	-11.3458
3.68	-2.73603	-10.9229
3.69	-2.84526	-10.4471
3.7	-2.94973	-9.92652
3.71	-3.049	-9.37029
3.72	-3.1427	-8.78821
3.73	-3.23058	-8.19024
3.74	-3.31248	-7.58604
3.75	-3.38834	-6.98466
3.76	-3.45819	-6.39416
3.77	-3.52213	-5.82148
3.78	-3.58035	-5.27229
3.79	-3.63307	-4.75095
3.8	-3.68058	-4.26059
3.81	-3.72319	-3.80317
3.82	-3.76122	-3.37966
3.83	-3.79501	-2.99015
3.84	-3.82492	-2.63405
3.85	-3.85126	-2.31022
3.86	-3.87436	-2.0171
3.87	-3.89453	-1.7529
3.88	-3.91206	-1.51563
3.89	-3.92721	-1.30323
3.9	-3.94025	-1.11362
3.91	-3.95138	-0.944776
3.92	-3.96083	-0.794741
3.93	-3.96878	-0.661661
3.94	-3.97539	-0.543806
3.95	-3.98083	-0.439573
3.96	-3.98523	-0.347491
3.97	-3.9887	-0.266218
3.98	-3.99137	-0.194542
3.99	-3.99331	-0.131368
4	-3.99462	-0.0757141
4.01	-3.99538	-0.0267025
4.02	-3.99565	0.016449
4.03	-3.99548	0.0544359
4.04	-3.99494	0.087875
4.05	-3.99406	0.117312
4.06	-3.99289	0.14323
4.07	-3.99146	0.166055
4.08	-3.98979	0.186162
4.09	-3.98793	0.203881
4.1	-3.98589	0.219504
4.11	-3.9837	0.233286
4.12	-3.98137	0.245452
4.13	-3.97891	0.2562
4.14	-3.97635	0.265703
4.15	-3.97369	0.274113
4.16	-3.97095	0.281564
4.17	-3.96814	0.288172
4.18	-3.96525	0.294042
4.19	-3.96231	0.299262
4.2	-3.95932	0.303913
4.21	-3.95628	0.308063
4.22	-3.9532	0.311774
4.23	-3.95008	0.315099
4.24	-3.94693	0.318086
4.25	-3.94375	0.320774
4.26	-3.94054	0.323201
4.27	-3.93731	0.325398
4.28	-3.93406	0.327393
4.29	-3.93078	0.329211
4.3	-3.92749	0.330873
4.31	-3.92418	0.332398
4.32	-3.92086	0.333803
4.33	-3.91752	0.335101
4.34	-3.91417	0.336307
4.35	-3.91081	0.337431
4.36	-3.90743	0.338484
4.37	-3.90405	0.339473
4.38	-3.90065	0.340407
4.39	-3.89725	0.341293
4.4	-3.89384	0.342137
4.41	-3.89042	0.342943
4.42	-3.88699	0.343716
4.43	-3.88355	0.344461
4.44	-3.8801	0.345181
4.45	-3.87665	0.34588
4.46	-3.87319	0.346559
4.47	-3.86973	0.347222
4.48	-3.86626	0.347871
4.49	-3.86278	0.348508
4.5	-3.85929	0.349134
4.51	-3.8558	0.349751
4.52	-3.8523	0.35036
4.53	-3.8488	0.350963
4.54	-3.84529	0.35156
4.55	-3.84177	0.352152
4.56	-3.83825	0.352741
4.57	-3.83473	0.353327
4.58	-3.83119	0.353911
4.59	-3.82765	0.354493
4.6	-3.82411	0.355073
4.61	-3.82056	0.355653
4.62	-3.817	0.356232
4.63	-3.81344	0.356811
4.64	-3.80987	0.357391
4.65	-3.8063	0.357971
4.66	-3.80272	0.358552
4.67	-3.79913	0.359134
4.68	-3.79554	0.359718
4.69	-3.79194	0.360303
4.7	-3.78834	0.360889
4.71	-3.78473	0.361478
4.72	-3.78112	0.362068
4.73	-3.7775	0.362661
4.74	-3.77387	0.363255
4.75	-3.77024	0.363852
4.76	-3.7666	0.364452
4.77	-3.76295	0.365054
4.78	-3.7593	0.365658
4.79	-3.75565	0.366265
4.8	-3.75198	0.366875
4.81	-3.74831	0.367488
4.82	-3.74464	0.368103
4.83	-3.74096	0.368722
4.84	-3.73727	0.369343
4.85	-3.73358	0.369968
4.86	-3.72988	0.370595
4.87	-3.72617	0.371226
4.88	-3.72246	0.37186
4.89	-3.71874	0.372497
4.9	-3.71502	0.373138
4.91	-3.71129	0.373781
4.92	-3.70755	0.374428
4.93	-3.7038	0.375079
4.94	-3.70005	0.375733
4.95	-3.69629	0.37639
4.96	-3.69253	0.377051
4.97	-3.68876	0.377716
4.98	-3.68498	0.378384
4.99	-3.6812	0.379055
5	-3.67741	0.379731
5.01	-3.67361	0.38041
5.02	-3.66981	0.381093
5.03	-3.666	0.381779
5.04	-3.66218	0.38247
5.05	-3.65835	0.383164
5.06	-3.65452	0.383862
5.07	-3.65068	0.384564
5.08	-3.64684	0.38527
5.09	-3.64299	0.385981
5.1	-3.63913	0.386695
5.11	-3.63526	0.387413
5.12	-3.63138	0.388135
5.13	-3.6275	0.388862
5.14	-3.62361	0.389593
5.15	-3.61972	0.390328
5.16	-3.61582	0.391067
5.17	-3.6119	0.391811
5.18	-3.60799	0.392559
5.19	-3.60406	0.393311
5.2	-3.60013	0.394068
5.21	-3.59619	0.39483
5.22	-3.59224	0.395596
5.23	-3.58828	0.396366
5.24	-3.58432	0.397142
5.25	-3.58035	0.397922
5.26	-3.57637	0.398706
5.27	-3.57238	0.399496
5.28	-3.56839	0.40029
5.29	-3.56438	0.40109
5.3	-3.56037	0.401894
5.31	-3.55635	0.402703
5.32	-3.55233	0.403517
5.33	-3.54829	0.404336
5.34	-3.54425	0.405161
5.35	-3.5402	0.40599
5.36	-3.53614	0.406825
5.37	-3.53207	0.407665
5.38	-3.52799	0.408511
5.39	-3.52391	0.409362
5.4	-3.51981	0.410218
5.41	-3.51571	0.41108
5.42	-3.5116	0.411948
5.43	-3.50748	0.412821
5.44	-3.50335	0.4137
5.45	-3.49922	0.414584
5.46	-3.49507	0.415475
5.47	-3.49091	0.416371
5.48	-3.48675	0.417274
5.49	-3.48258	0.418182
5.5	-3.4784	0.419096
5.51	-3.47421	0.420017
5.52	-3.47001	0.420944
5.53	-3.4658	0.421877
5.54	-3.46158	0.422816
5.55	-3.45735	0.423762
5.56	-3.45311	0.424714
5.57	-3.44886	0.425673
5.58	-3.44461	0.426639
5.59	-3.44034	0.427611
5.6	-3.43607	0.42859
5.61	-3.43178	0.429576
5.62	-3.42748	0.430569
5.63	-3.42318	0.431568
5.64	-3.41886	0.432575
5.65	-3.41454	0.43359
5.66	-3.4102	0.434611
5.67	-3.40585	0.43564
5.68	-3.4015	0.436676
5.69	-3.39713	0.43772
5.7	-3.39275	0.438771
5.71	-3.38837	0.43983
5.72	-3.38397	0.440897
5.73	-3.37956	0.441972
5.74	-3.37514	0.443055
5.75	-3.37071	0.444145
5.76	-3.36627	0.445244
5.77	-3.36181	0.446352
5.78	-3.35735	0.447467
5.79	-3.35288	0.448592
5.8	-3.34839	0.449724
5.81	-3.34389	0.450866
5.82	-3.33938	0.452016
5.83	-3.33486	0.453175
5.84	-3.33033	0.454343
5.85	-3.32579	0.455521
5.86	-3.32123	0.456707
5.87	-3.31667	0.457903
5.88	-3.31209	0.459108
5.89	-3.3075	0.460323
5.9	-3.30289	0.461548
5.91	-3.29828	0.462783
5.92	-3.29365	0.464027
5.93	-3.28901	0.465282
5.94	-3.28436	0.466547
5.95	-3.27969	0.467822
5.96	-3.27501	0.469108
5.97	-3.27032	0.470404
5.98	-3.26562	0.471711
5.99	-3.2609	0.473029
6	-3.25617	0.474359
6.01	-3.25143	0.475699
6.02	-3.24667	0.477051
6.03	-3.2419	0.478414
6.04	-3.23712	0.479789
6.05	-3.23232	0.481176
6.06	-3.22751	0.482575
6.07	-3.22268	0.483986
6.08	-3.21784	0.48541
6.09	-3.21299	0.486846
6.1	-3.20812	0.488295
6.11	-3.20324	0.489756
6.12	-3.19834	0.491231
6.13	-3.19343	0.492719
6.14	-3.1885	0.49422
6.15	-3.18356	0.495735
6.16	-3.1786	0.497264
6.17	-3.17363	0.498807
6.18	-3.16864	0.500364
6.19	-3.16363	0.501936
6.2	-3.15862	0.503522
6.21	-3.15358	0.505123
6.22	-3.14853	0.506739
6.23	-3.14346	0.508371
6.24	-3.13838	0.510018
6.25	-3.13328	0.511681
6.26	-3.12816	0.513359
6.27	-3.12303	0.515055
6.28	-3.11788	0.516766
6.29	-3.11271	0.518495
6.3	-3.10752	0.52024
6.31	-3.10232	0.522003
6.32	-3.0971	0.523784
6.33	-3.09186	0.525582
6.34	-3.08661	0.527398
6.35	-3.08133	0.529233
6.36	-3.07604	0.531087
6.37	-3.07073	0.532959
6.38	-3.0654	0.534851
6.39	-3.06005	0.536763
6.4	-3.05468	0.538694
6.41	-3.0493	0.540646
6.42	-3.04389	0.542618
6.43	-3.03847	0.544612
6.44	-3.03302	0.546626
6.45	-3.02755	0.548663
6.46	-3.02207	0.550721
6.47	-3.01656	0.552802
6.48	-3.01103	0.554906
6.49	-3.00548	0.557033
6.5	-2.99991	0.559183
6.51	-2.99432	0.561357
6.52	-2.98871	0.563556
6.53	-2.98307	0.56578
6.54	-2.97741	0.568029
6.55	-2.97173	0.570304
6.56	-2.96603	0.572605
6.57	-2.9603	0.574932
6.58	-2.95455	0.577287
6.59	-2.94878	0.579669
6.6	-2.94298	0.58208
6.61	-2.93716	0.584519
6.62	-2.93132	0.586988
6.63	-2.92545	0.589486
6.64	-2.91955	0.592014
6.65	-2.91363	0.594573
6.66	-2.90769	0.597164
6.67	-2.90172	0.599787
6.68	-2.89572	0.602442
6.69	-2.88969	0.605131
6.7	-2.88364	0.607854
6.71	-2.87756	0.610611
6.72	-2.87146	0.613403
6.73	-2.86532	0.616232
6.74	-2.85916	0.619097
6.75	-2.85297	0.622
6.76	-2.84675	0.62494
6.77	-2.8405	0.62792
6.78	-2.83422	0.630939
6.79	-2.82791	0.633999
6.8	-2.82157	0.6371
6.81	-2.8152	0.640244
6.82	-2.8088	0.643431
6.83	-2.80236	0.646661
6.84	-2.7959	0.649937
6.85	-2.7894	0.653258
6.86	-2.78287	0.656627
6.87	-2.7763	0.660043
6.88	-2.7697	0.663508
6.89	-2.76306	0.667024
6.9	-2.75639	0.67059
6.91	-2.74969	0.674209
6.92	-2.74295	0.677881
6.93	-2.73617	0.681607
6.94	-2.72935	0.68539
6.95	-2.7225	0.689229
6.96	-2.71561	0.693127
6.97	-2.70867	0.697085
6.98	-2.7017	0.701104
6.99	-2.69469	0.705185
7	-2.68764	0.70933
7.01	-2.68055	0.713541
7.02	-2.67341	0.717819
7.03	-2.66623	0.722166
7.04	-2.65901	0.726583
7.05	-2.65175	0.731072
7.06	-2.64444	0.735636
7.07	-2.63708	0.740274
7.08	-2.62968	0.744991
7.09	-2.62223	0.749786
7.1	-2.61473	0.754664
7.11	-2.60718	0.759625
7.12	-2.59959	0.764671
7.13	-2.59194	0.769806
7.14	-2.58424	0.77503
7.15	-2.57649	0.780348
7.16	-2.56869	0.78576
7.17	-2.56083	0.79127
7.18	-2.55292	0.79688
7.19	-2.54495	0.802592
7.2	-2.53692	0.808411
7.21	-2.52884	0.814337
7.22	-2.52069	0.820376
7.23	-2.51249	0.826528
7.24	-2.50423	0.832799
7.25	-2.4959	0.839191
7.26	-2.48751	0.845707
7.27	-2.47905	0.852351
7.28	-2.47052	0.859127
7.29	-2.46193	0.866039
7.3	-2.45327	0.87309
7.31	-2.44454	0.880285
7.32	-2.43574	0.887628
7.33	-2.42686	0.895124
7.34	-2.41791	0.902776
7.35	-2.40888	0.910591
7.36	-2.39978	0.918572
7.37	-2.39059	0.926725
7.38	-2.38133	0.935055
7.39	-2.37197	0.943568
7.4	-2.36254	0.95227
7.41	-2.35302	0.961167
7.42	-2.3434	0.970265
7.43	-2.3337	0.97957
7.44	-2.32391	0.98909
7.45	-2.31402	0.998831
7.46	-2.30403	1.0088
7.47	-2.29394	1.01901
7.48	-2.28375	1.02946
7.49	-2.27345	1.04016
7.5	-2.26305	1.05113
7.51	-2.25254	1.06237
7.52	-2.24192	1.07388
7.53	-2.23118	1.08569
7.54	-2.22032	1.0978
7.55	-2.20934	1.11022
7.56	-2.19824	1.12296
7.57	-2.18701	1.13604
7.58	-2.17565	1.14946
7.59	-2.16416	1.16325
7.6	-2.15252	1.1774
7.61	-2.14075	1.19195
7.62	-2.12883	1.2069
7.63	-2.11676	1.22226
7.64	-2.10454	1.23807
7.65	-2.09216	1.25432
7.66	-2.07962	1.27104
7.67	-2.06691	1.28825
7.68	-2.05402	1.30597
7.69	-2.04096	1.32422
7.7	-2.02772	1.34302
7.71	-2.01429	1.36239
7.72	-2.00067	1.38236
7.73	-1.98684	1.40295
7.74	-1.97281	1.4242
7.75	-1.95857	1.44612
7.76	-1.94411	1.46875
7.77	-1.92942	1.49211
7.78	-1.9145	1.51625
7.79	-1.89934	1.5412
7.8	-1.88393	1.56698
7.81	-1.86826	1.59365
7.82	-1.85232	1.62124
7.83	-1.83611	1.6498
7.84	-1.81961	1.67936
7.85	-1.80282	1.70998
7.86	-1.78572	1.74171
7.87	-1.7683	1.7746
7.88	-1.75055	1.80871
7.89	-1.73247	1.84409
7.9	-1.71403	1.88082
7.91	-1.69522	1.91895
7.92	-1.67603	1.95857
7.93	-1.65644	1.99974
7.94	-1.63645	2.04254
7.95	-1.61602	2.08706
7.96	-1.59515	2.13339
7.97	-1.57382	2.18162
7.98	-1.552	2.23185
7.99	-1.52968	2.2842
8	-1.50684	2.33877
8.01	-1.48345	2.39569
8.02	-1.45949	2.45508
8.03	-1.43494	2.51708
8.04	-1.40977	2.58184
8.05	-1.38395	2.6495
8.06	-1.35746	2.72023
8.07	-1.33026	2.79421
8.08	-1.30232	2.87161
8.09	-1.2736	2.95263
8.1	-1.24407	3.03748
8.11	-1.2137	3.12637
8.12	-1.18243	3.21954
8.13	-1.15024	3.31723
8.14	-1.11707	3.41969
8.15	-1.08287	3.52721
8.16	-1.0476	3.64006
8.17	-1.0112	3.75856
8.18	-0.973611	3.88301
8.19	-0.934781	4.01375
8.2	-0.894644	4.15112
8.21	-0.853133	4.29548
8.22	-0.810178	4.44721
8.23	-0.765706	4.60668
8.24	-0.719639	4.77428
8.25	-0.671896	4.95042
8.26	-0.622392	5.13548
8.27	-0.571037	5.32987
8.28	-0.517739	5.53395
8.29	-0.462399	5.7481
8.3	-0.404918	5.97265
8.31	-0.345191	6.20789
8.32	-0.283113	6.45406
8.33	-0.218572	6.71133
8.34	-0.151459	6.97976
8.35	-0.0816611	7.2593
8.36	-0.00906808	7.54975
8.37	0.0664295	7.85075
8.38	0.144937	8.16168
8.39	0.226554	8.48169
8.4	0.311371	8.80962
8.41	0.399467	9.14395
8.42	0.490906	9.48277
8.43	0.585734	9.82369
8.44	0.683971	10.1638
8.45	0.785609	10.4998
8.46	0.890607	10.8276
8.47	0.998883	11.1427
8.48	1.11031	11.4399
8.49	1.22471	11.7137
8.5	1.34185	11.9579
8.51	1.46143	12.1662
8.52	1.58309	12.3321
8.53	1.70641	12.4493
8.54	1.8309	12.5116
8.55	1.95602	12.5138
8.56	2.08116	12.4515
8.57	2.20567	12.3218
8.58	2.32889	12.1231
8.59	2.45012	11.8557
8.6	2.56868	11.522
8.61	2.6839	11.1261
8.62	2.79516	10.6739
8.63	2.9019	10.173
8.64	3.00363	9.6321
8.65	3.09995	9.06077
8.66	3.19056	8.46894
8.67	3.27525	7.86646
8.68	3.35391	7.26271
8.69	3.42654	6.66622
8.7	3.4932	6.0845
8.71	3.55404	5.52379
8.72	3.60928	4.98907
8.73	3.65917	4.48403
8.74	3.70401	4.01115
8.75	3.74413	3.57186
8.76	3.77984	3.16661
8.77	3.81151	2.79513
8.78	3.83946	2.4565
8.79	3.86403	2.14934
8.8	3.88552	1.87197
8.81	3.90424	1.62246
8.82	3.92046	1.39878
8.83	3.93445	1.19886
8.84	3.94644	1.02063
8.85	3.95665	0.862112
8.86	3.96527	0.721391
8.87	3.97248	0.596682
8.88	3.97845	0.486321
8.89	3.98331	0.388778
8.9	3.9872	0.30265
8.91	3.99023	0.226666
8.92	3.99249	0.159677
8.93	3.99409	0.10065
8.94	3.9951	0.0486608
8.95	3.99558	0.00288288
8.96	3.99561	-0.0374182
8.97	3.99524	-0.0728946
8.98	3.99451	-0.104124
8.99	3.99347	-0.131618
9	3.99215	-0.155828
9.01	3.99059	-0.177152
9.02	3.98882	-0.19594
9.03	3.98686	-0.212502
9.04	3.98474	-0.227108
9.05	3.98247	-0.239997
9.06	3.98007	-0.25138
9.07	3.97755	-0.26144
9.08	3.97494	-0.270339
9.09	3.97223	-0.278219
9.1	3.96945	-0.285205
9.11	3.9666	-0.291405
9.12	3.96369	-0.296916
9.13	3.96072	-0.301822
9.14	3.9577	-0.306196
9.15	3.95464	-0.310104
9.16	3.95154	-0.313602
9.17	3.9484	-0.31674
9.18	3.94523	-0.319562
9.19	3.94204	-0.322106
9.2	3.93882	-0.324406
9.21	3.93557	-0.326491
9.22	3.93231	-0.328389
9.23	3.92902	-0.33012
9.24	3.92572	-0.331707
9.25	3.9224	-0.333165
9.26	3.91907	-0.334511
9.27	3.91573	-0.335759
9.28	3.91237	-0.336919
9.29	3.909	-0.338004
9.3	3.90562	-0.339021
9.31	3.90223	-0.33998
9.32	3.89883	-0.340888
9.33	3.89542	-0.34175
9.34	3.892	-0.342573
9.35	3.88858	-0.343361
9.36	3.88514	-0.344119
9.37	3.8817	-0.34485
9.38	3.87825	-0.345558
9.39	3.8748	-0.346246
9.4	3.87134	-0.346917
9.41	3.86787	-0.347572
9.42	3.86439	-0.348214
9.43	3.86091	-0.348845
9.44	3.85742	-0.349466
9.45	3.85393	-0.350078
9.46	3.85043	-0.350684
9.47	3.84692	-0.351283
9.48	3.84341	-0.351878
9.49	3.83989	-0.352469
9.5	3.83636	-0.353056
9.51	3.83283	-0.35364
9.52	3.8293	-0.354223
9.53	3.82575	-0.354804
9.54	3.82221	-0.355384
9.55	3.81865	-0.355963
9.56	3.81509	-0.356543
9.57	3.81153	-0.357122
9.58	3.80796	-0.357702
9.59	3.80438	-0.358282
9.6	3.8008	-0.358864
9.61	3.79721	-0.359447
9.62	3.79361	-0.360031
9.63	3.79001	-0.360617
9.64	3.78641	-0.361204
9.65	3.78279	-0.361794
9.66	3.77918	-0.362385
9.67	3.77555	-0.362979
9.68	3.77192	-0.363575
9.69	3.76829	-0.364173
9.7	3.76464	-0.364774
9.71	3.761	-0.365377
9.72	3.75734	-0.365983
9.73	3.75368	-0.366592
9.74	3.75002	-0.367203
9.75	3.74635	-0.367817
9.76	3.74267	-0.368435
9.77	3.73898	-0.369055
9.78	3.73529	-0.369678
9.79	3.7316	-0.370304
9.8	3.72789	-0.370933
9.81	3.72418	-0.371566
9.82	3.72047	-0.372201
9.83	3.71675	-0.37284
9.84	3.71302	-0.373482
9.85	3.70928	-0.374128
9.86	3.70554	-0.374777
9.87	3.70179	-0.375429
9.88	3.69804	-0.376085
9.89	3.69428	-0.376744
9.9	3.69051	-0.377407
9.91	3.68674	-0.378073
9.92	3.68296	-0.378743
9.93	3.67917	-0.379417
9.94	3.67537	-0.380094
9.95	3.67157	-0.380775
9.96	3.66777	-0.38146
9.97	3.66395	-0.382149
9.98	3.66013	-0.382841
9.99	3.6563	-0.383538
10	3.65247	-0.384238
10.01	3.64862	-0.384942
10.02	3.64477	-0.385651
10.03	3.64092	-0.386363
10.04	3.63705	-0.387079
10.05	3.63318	-0.3878
10.06	3.62931	-0.388524
10.07	3.62542	-0.389253
10.08	3.62153	-0.389986
10.09	3.61763	-0.390723
10.1	3.61372	-0.391465
10.11	3.60981	-0.392211
10.12	3.60588	-0.392962
10.13	3.60195	-0.393716
10.14	3.59802	-0.394476
10.15	3.59407	-0.39524
10.16	3.59012	-0.396008
10.17	3.58616	-0.396781
10.18	3.58219	-0.397559
10.19	3.57822	-0.398342
10.2	3.57423	-0.399129
10.21	3.57024	-0.399921
10.22	3.56624	-0.400718
10.23	3.56224	-0.40152
10.24	3.55822	-0.402327
10.25	3.5542	-0.403139
10.26	3.55017	-0.403956
10.27	3.54613	-0.404778
10.28	3.54208	-0.405605
10.29	3.53802	-0.406437
10.3	3.53396	-0.407275
10.31	3.52988	-0.408118
10.32	3.5258	-0.408966
10.33	3.52171	-0.40982
10.34	3.51762	-0.41068
10.35	3.51351	-0.411545
10.36	3.50939	-0.412415
10.37	3.50527	-0.413291
10.38	3.50114	-0.414173
10.39	3.49699	-0.415061
10.4	3.49284	-0.415955
10.41	3.48868	-0.416854
10.42	3.48452	-0.41776
10.43	3.48034	-0.418671
10.44	3.47615	-0.419589
10.45	3.47196	-0.420513
10.46	3.46775	-0.421443
10.47	3.46354	-0.422379
10.48	3.45931	-0.423322
10.49	3.45508	-0.424271
10.5	3.45084	-0.425227
10.51	3.44658	-0.42619
10.52	3.44232	-0.427159
10.53	3.43805	-0.428135
10.54	3.43377	-0.429117
10.55	3.42948	-0.430107
10.56	3.42518	-0.431104
10.57	3.42087	-0.432107
10.58	3.41654	-0.433118
10.59	3.41221	-0.434136
10.6	3.40787	-0.435161
10.61	3.40352	-0.436194
10.62	3.39916	-0.437234
10.63	3.39479	-0.438282
10.64	3.3904	-0.439338
10.65	3.38601	-0.440401
10.66	3.38161	-0.441472
10.67	3.37719	-0.442551
10.68	3.37277	-0.443638
10.69	3.36833	-0.444733
10.7	3.36388	-0.445837
10.71	3.35942	-0.446949
10.72	3.35495	-0.448069
10.73	3.35047	-0.449198
10.74	3.34598	-0.450335
10.75	3.34148	-0.451481
10.76	3.33696	-0.452636
10.77	3.33244	-0.4538
10.78	3.3279	-0.454973
10.79	3.32335	-0.456155
10.8	3.31879	-0.457347
10.81	3.31421	-0.458548
10.82	3.30963	-0.459758
10.83	3.30503	-0.460978
10.84	3.30042	-0.462208
10.85	3.2958	-0.463448
10.86	3.29117	-0.464698
10.87	3.28652	-0.465958
10.88	3.28186	-0.467229
10.89	3.27719	-0.46851
10.9	3.2725	-0.469801
10.91	3.2678	-0.471103
10.92	3.26309	-0.472416
10.93	3.25837	-0.47374
10.94	3.25363	-0.475076
10.95	3.24888	-0.476422
10.96	3.24412	-0.47778
10.97	3.23934	-0.47915
10.98	3.23455	-0.480531
10.99	3.22974	-0.481925
11	3.22492	-0.48333
11.01	3.22009	-0.484748
11.02	3.21524	-0.486178
11.03	3.21038	-0.487621
11.04	3.2055	-0.489076
11.05	3.20061	-0.490545
11.06	3.19571	-0.492027
11.07	3.19079	-0.493522
11.08	3.18585	-0.495031
11.09	3.1809	-0.496553
11.1	3.17594	-0.498089
11.11	3.17095	-0.49964
11.12	3.16596	-0.501205
11.13	3.16095	-0.502784
11.14	3.15592	-0.504378
11.15	3.15087	-0.505987
11.16	3.14581	-0.507612
11.17	3.14074	-0.509251
11.18	3.13565	-0.510907
11.19	3.13054	-0.512578
11.2	3.12541	-0.514266
11.21	3.12027	-0.51597
11.22	3.11511	-0.517691
11.23	3.10993	-0.519428
11.24	3.10474	-0.521183
11.25	3.09953	-0.522955
11.26	3.0943	-0.524745
11.27	3.08905	-0.526553
11.28	3.08378	-0.528379
11.29	3.0785	-0.530224
11.3	3.0732	-0.532088
11.31	3.06788	-0.533971
11.32	3.06254	-0.535873
11.33	3.05718	-0.537795
11.34	3.0518	-0.539738
11.35	3.0464	-0.5417
11.36	3.04099	-0.543684
11.37	3.03555	-0.545689
11.38	3.03009	-0.547715
11.39	3.02461	-0.549763
11.4	3.01912	-0.551834
11.41	3.0136	-0.553927
11.42	3.00806	-0.556043
11.43	3.0025	-0.558182
11.44	2.99692	-0.560345
11.45	2.99131	-0.562533
11.46	2.98569	-0.564745
11.47	2.98004	-0.566982
11.48	2.97437	-0.569245
11.49	2.96868	-0.571534
11.5	2.96296	-0.573849
11.51	2.95722	-0.576191
11.52	2.95146	-0.578561
11.53	2.94568	-0.580958
11.54	2.93987	-0.583384
11.55	2.93403	-0.585839
11.56	2.92818	-0.588323
11.57	2.92229	-0.590837
11.58	2.91638	-0.593382
11.59	2.91045	-0.595958
11.6	2.90449	-0.598566
11.61	2.8985	-0.601206
11.62	2.89249	-0.603879
11.63	2.88645	-0.606586
11.64	2.88039	-0.609327
11.65	2.87429	-0.612103
11.66	2.86817	-0.614915
11.67	2.86202	-0.617763
11.68	2.85585	-0.620648
11.69	2.84964	-0.623571
11.7	2.8434	-0.626532
11.71	2.83714	-0.629533
11.72	2.83084	-0.632574
11.73	2.82452	-0.635656
11.74	2.81816	-0.63878
11.75	2.81177	-0.641947
11.76	2.80535	-0.645157
11.77	2.7989	-0.648411
11.78	2.79242	-0.651711
11.79	2.7859	-0.655058
11.8	2.77935	-0.658452
11.81	2.77277	-0.661894
11.82	2.76615	-0.665386
11.83	2.75949	-0.668929
11.84	2.7528	-0.672523
11.85	2.74608	-0.67617
11.86	2.73932	-0.679871
11.87	2.73252	-0.683628
11.88	2.72568	-0.68744
11.89	2.71881	-0.691311
11.9	2.7119	-0.695241
11.91	2.70494	-0.699231
11.92	2.69795	-0.703283
11.93	2.69092	-0.707399
11.94	2.68384	-0.711579
11.95	2.67673	-0.715826
11.96	2.66957	-0.72014
11.97	2.66237	-0.724525
11.98	2.65512	-0.72898
11.99	2.64783	-0.733509
12	2.6405	-0.738112
12.01	2.63312	-0.742792
12.02	2.62569	-0.747551
12.03	2.61821	-0.75239
12.04	2.61069	-0.757312
12.05	2.60312	-0.762319
12.06	2.59549	-0.767412
12.07	2.58782	-0.772595
12.08	2.58009	-0.777869
12.09	2.57231	-0.783237
12.1	2.56448	-0.788701
12.11	2.5566	-0.794264
12.12	2.54865	-0.799928
12.13	2.54065	-0.805697
12.14	2.5326	-0.811573
12.15	2.52448	-0.81756
12.16	2.5163	-0.823659
12.17	2.50807	-0.829874
12.18	2.49977	-0.83621
12.19	2.49141	-0.842668
12.2	2.48298	-0.849252
12.21	2.47449	-0.855966
12.22	2.46593	-0.862815
12.23	2.4573	-0.869801
12.24	2.4486	-0.876929
12.25	2.43983	-0.884202
12.26	2.43099	-0.891626
12.27	2.42207	-0.899206
12.28	2.41308	-0.906944
12.29	2.40401	-0.914847
12.3	2.39486	-0.92292
12.31	2.38564	-0.931167
12.32	2.37632	-0.939595
12.33	2.36693	-0.948209
12.34	2.35745	-0.957014
12.35	2.34788	-0.966018
12.36	2.33822	-0.975226
12.37	2.32846	-0.984646
12.38	2.31862	-0.994283
12.39	2.30867	-1.00415
12.4	2.29863	-1.01424
12.41	2.28849	-1.02458
12.42	2.27824	-1.03516
12.43	2.26789	-1.04601
12.44	2.25743	-1.05712
12.45	2.24686	-1.0685
12.46	2.23618	-1.08018
12.47	2.22537	-1.09214
12.48	2.21445	-1.10442
12.49	2.20341	-1.11701
12.5	2.19224	-1.12993
12.51	2.18094	-1.14319
12.52	2.16951	-1.15681
12.53	2.15794	-1.17079
12.54	2.14623	-1.18515
12.55	2.13438	-1.19991
12.56	2.12238	-1.21508
12.57	2.11023	-1.23068
12.58	2.09792	-1.24672
12.59	2.08546	-1.26322
12.6	2.07282	-1.2802
12.61	2.06002	-1.29768
12.62	2.04705	-1.31568
12.63	2.03389	-1.33422
12.64	2.02055	-1.35333
12.65	2.00701	-1.37302
12.66	1.99328	-1.39332
12.67	1.97935	-1.41426
12.68	1.96521	-1.43586
12.69	1.95085	-1.45816
12.7	1.93627	-1.48118
12.71	1.92146	-1.50495
12.72	1.90641	-1.52952
12.73	1.89111	-1.55491
12.74	1.87556	-1.58117
12.75	1.85975	-1.60832
12.76	1.84367	-1.63642
12.77	1.8273	-1.66551
12.78	1.81065	-1.69564
12.79	1.79369	-1.72684
12.8	1.77642	-1.75919
12.81	1.75883	-1.79272
12.82	1.7409	-1.82751
12.83	1.72263	-1.86361
12.84	1.70399	-1.90108
12.85	1.68498	-1.94
12.86	1.66558	-1.98043
12.87	1.64578	-2.02247
12.88	1.62555	-2.06618
12.89	1.60489	-2.11166
12.9	1.58377	-2.15899
12.91	1.56218	-2.20829
12.92	1.5401	-2.25964
12.93	1.5175	-2.31317
12.94	1.49437	-2.36898
12.95	1.47068	-2.42721
12.96	1.44641	-2.48798
12.97	1.42153	-2.55144
12.98	1.39602	-2.61773
12.99	1.36984	-2.68702
13	1.34297	-2.75947
13.01	1.31538	-2.83526
13.02	1.28702	-2.91457
13.03	1.25788	-2.99762
13.04	1.2279	-3.0846
13.05	1.19705	-3.17576
13.06	1.1653	-3.27132
13.07	1.13258	-3.37153
13.08	1.09887	-3.47667
13.09	1.0641	-3.58701
13.1	1.02823	-3.70285
13.11	0.991203	-3.8245
13.12	0.952958	-3.95228
13.13	0.913435	-4.08653
13.14	0.87257	-4.2276
13.15	0.830294	-4.37586
13.16	0.786535	-4.53169
13.17	0.741218	-4.69547
13.18	0.694264	-4.8676
13.19	0.645588	-5.04847
13.2	0.595103	-5.23849
13.21	0.542718	-5.43802
13.22	0.488338	-5.64746
13.23	0.431863	-5.86714
13.24	0.373192	-6.09739
13.25	0.312218	-6.33846
13.26	0.248833	-6.59057
13.27	0.182928	-6.85381
13.28	0.11439	-7.12821
13.29	0.0431075	-7.41364
13.3	-0.0310289	-7.7098
13.31	-0.108127	-8.01621
13.32	-0.188289	-8.33214
13.33	-0.27161	-8.65656
13.34	-0.358176	-8.98813
13.35	-0.448057	-9.32513
13.36	-0.541309	-9.6654
13.37	-0.637963	-10.0063
13.38	-0.738026	-10.3447
13.39	-0.841472	-10.6768
13.4	-0.94824	-10.9984
13.41	-1.05822	-11.3046
13.42	-1.17127	-11.59
13.43	-1.28717	-11.8487
13.44	-1.40566	-12.0744
13.45	-1.5264	-12.2608
13.46	-1.64901	-12.4014
13.47	-1.77302	-12.4898
13.48	-1.89792	-12.5206
13.49	-2.02313	-12.4887
13.5	-2.14801	-12.3905
13.51	-2.27192	-12.2239
13.52	-2.39416	-11.9882
13.53	-2.51404	-11.6849
13.54	-2.63089	-11.3172
13.55	-2.74406	-10.8903
13.56	-2.85296	-10.411
13.57	-2.95707	-9.88747
13.58	-3.05595	-9.32904
13.59	-3.14924	-8.74548
13.6	-3.23669	-8.14674
13.61	-3.31816	-7.54246
13.62	-3.39358	-6.9416
13.63	-3.463	-6.35217
13.64	-3.52652	-5.78101
13.65	-3.58433	-5.2337
13.66	-3.63667	-4.7145
13.67	-3.68381	-4.22646
13.68	-3.72608	-3.77147
13.69	-3.76379	-3.35042
13.7	-3.7973	-2.96335
13.71	-3.82693	-2.60962
13.72	-3.85303	-2.28806
13.73	-3.87591	-1.99709
13.74	-3.89588	-1.7349
13.75	-3.91323	-1.49949
13.76	-3.92822	-1.28881
13.77	-3.94111	-1.10076
13.78	-3.95212	-0.933343
13.79	-3.96145	-0.784592
13.8	-3.9693	-0.652667
13.81	-3.97583	-0.535847
13.82	-3.98118	-0.432539
13.83	-3.98551	-0.341279
13.84	-3.98892	-0.260739
13.85	-3.99153	-0.189711
13.86	-3.99343	-0.127111
13.87	-3.9947	-0.0719648
13.88	-3.99542	-0.0234013
13.89	-3.99565	0.0193553
13.9	-3.99546	0.0569942
13.91	-3.99489	0.0901271
13.92	-3.99399	0.119295
13.93	-3.99279	0.144976
13.94	-3.99134	0.167593
13.95	-3.98967	0.187517
13.96	-3.98779	0.205076
13.97	-3.98574	0.220557
13.98	-3.98354	0.234216
13.99	-3.98119	0.246273
14	-3.97873	0.256926
14.01	-3.97616	0.266345
14.02	-3.9735	0.274681
14.03	-3.97075	0.282067
14.04	-3.96793	0.288619
14.05	-3.96504	0.294439
14.06	-3.9621	0.299616
14.07	-3.9591	0.304228
14.08	-3.95606	0.308345
14.09	-3.95298	0.312026
14.1	-3.94986	0.315326
14.11	-3.94671	0.318289
14.12	-3.94352	0.320958
14.13	-3.94031	0.323367
14.14	-3.93708	0.325549
14.15	-3.93382	0.32753
14.16	-3.93055	0.329336
14.17	-3.92725	0.330987
14.18	-3.92394	0.332503
14.19	-3.92062	0.3339
14.2	-3.91728	0.335191
14.21	-3.91393	0.336391
14.22	-3.91057	0.337509
14.23	-3.90719	0.338557
14.24	-3.9038	0.339542
14.25	-3.90041	0.340473
14.26	-3.897	0.341355
14.27	-3.89359	0.342196
14.28	-3.89017	0.342999
14.29	-3.88674	0.343771
14.3	-3.8833	0.344514
14.31	-3.87986	0.345232
14.32	-3.8764	0.345929
14.33	-3.87294	0.346608
14.34	-3.86948	0.34727
14.35	-3.86601	0.347918
14.36	-3.86253	0.348553
14.37	-3.85904	0.349179
14.38	-3.85555	0.349795
14.39	-3.85205	0.350404
14.4	-3.84855	0.351006
14.41	-3.84504	0.351603
14.42	-3.84152	0.352195
14.43	-3.838	0.352784
14.44	-3.83447	0.353369
14.45	-3.83094	0.353953
14.46	-3.8274	0.354534
14.47	-3.82385	0.355115
14.48	-3.8203	0.355694
14.49	-3.81674	0.356274
14.5	-3.81318	0.356853
14.51	-3.80961	0.357433
14.52	-3.80604	0.358013
14.53	-3.80246	0.358594
14.54	-3.79887	0.359176
14.55	-3.79528	0.35976
14.56	-3.79168	0.360345
14.57	-3.78808	0.360932
14.58	-3.78447	0.36152
14.59	-3.78086	0.362111
14.6	-3.77723	0.362703
14.61	-3.77361	0.363298
14.62	-3.76997	0.363895
14.63	-3.76634	0.364495
14.64	-3.76269	0.365097
14.65	-3.75904	0.365702
14.66	-3.75538	0.366309
14.67	-3.75172	0.366919
14.68	-3.74805	0.367532
14.69	-3.74437	0.368148
14.7	-3.74069	0.368767
14.71	-3.73701	0.369388
14.72	-3.73331	0.370013
14.73	-3.72961	0.370641
14.74	-3.72591	0.371272
14.75	-3.72219	0.371906
14.76	-3.71847	0.372543
14.77	-3.71475	0.373184
14.78	-3.71102	0.373828
14.79	-3.70728	0.374475
14.8	-3.70353	0.375126
14.81	-3.69978	0.37578
14.82	-3.69602	0.376438
14.83	-3.69226	0.377099
14.84	-3.68849	0.377764
14.85	-3.68471	0.378432
14.86	-3.68093	0.379104
14.87	-3.67714	0.37978
14.88	-3.67334	0.380459
14.89	-3.66953	0.381142
14.9	-3.66572	0.381829
14.91	-3.6619	0.38252
14.92	-3.65808	0.383214
14.93	-3.65425	0.383913
14.94	-3.65041	0.384615
14.95	-3.64656	0.385321
14.96	-3.64271	0.386032
14.97	-3.63885	0.386746
14.98	-3.63498	0.387465
14.99	-3.63111	0.388187
