0	-5	3
0.01	-4.97	2.99033
0.02	-4.9401	2.98059
0.03	-4.91029	2.97078
0.04	-4.88058	2.96092
0.05	-4.85097	2.95102
0.06	-4.82146	2.94108
0.07	-4.79205	2.93111
0.08	-4.76274	2.92112
0.09	-4.73353	2.91113
0.1	-4.70442	2.90113
0.11	-4.67541	2.89113
0.12	-4.6465	2.88116
0.13	-4.61768	2.8712
0.14	-4.58897	2.86128
0.15	-4.56036	2.85139
0.16	-4.53185	2.84155
0.17	-4.50343	2.83177
0.18	-4.47511	2.82205
0.19	-4.44689	2.8124
0.2	-4.41877	2.80283
0.21	-4.39074	2.79334
0.22	-4.36281	2.78395
0.23	-4.33497	2.77465
0.24	-4.30722	2.76546
0.25	-4.27957	2.75638
0.26	-4.252	2.74742
0.27	-4.22453	2.73859
0.28	-4.19714	2.72989
0.29	-4.16984	2.72133
0.3	-4.14263	2.71291
0.31	-4.1155	2.70463
0.32	-4.08845	2.69652
0.33	-4.06149	2.68856
0.34	-4.0346	2.68077
0.35	-4.0078	2.67315
0.36	-3.98106	2.66571
0.37	-3.95441	2.65845
0.38	-3.92782	2.65137
0.39	-3.90131	2.64449
0.4	-3.87486	2.63779
0.41	-3.84849	2.6313
0.42	-3.82217	2.62501
0.43	-3.79592	2.61892
0.44	-3.76973	2.61304
0.45	-3.7436	2.60738
0.46	-3.71753	2.60193
0.47	-3.69151	2.59671
0.48	-3.66554	2.5917
0.49	-3.63963	2.58693
0.5	-3.61376	2.58238
0.51	-3.58793	2.57806
0.52	-3.56215	2.57398
0.53	-3.53641	2.57013
0.54	-3.51071	2.56653
0.55	-3.48505	2.56316
0.56	-3.45941	2.56003
0.57	-3.43381	2.55715
0.58	-3.40824	2.55452
0.59	-3.3827	2.55213
0.6	-3.35718	2.54999
0.61	-3.33168	2.5481
0.62	-3.3062	2.54646
0.63	-3.28073	2.54507
0.64	-3.25528	2.54394
0.65	-3.22984	2.54306
0.66	-3.20441	2.54243
0.67	-3.17899	2.54206
0.68	-3.15357	2.54194
0.69	-3.12815	2.54207
0.7	-3.10273	2.54246
0.71	-3.0773	2.5431
0.72	-3.05187	2.544
0.73	-3.02643	2.54515
0.74	-3.00098	2.54655
0.75	-2.97551	2.5482
0.76	-2.95003	2.55011
0.77	-2.92453	2.55226
0.78	-2.89901	2.55466
0.79	-2.87346	2.55731
0.8	-2.84789	2.56021
0.81	-2.82229	2.56335
0.82	-2.79665	2.56673
0.83	-2.77098	2.57035
0.84	-2.74528	2.57421
0.85	-2.71954	2.57831
0.86	-2.69376	2.58264
0.87	-2.66793	2.5872
0.88	-2.64206	2.59199
0.89	-2.61614	2.597
0.9	-2.59017	2.60224
0.91	-2.56415	2.6077
0.92	-2.53807	2.61338
0.93	-2.51193	2.61927
0.94	-2.48574	2.62536
0.95	-2.45949	2.63167
0.96	-2.43317	2.63817
0.97	-2.40679	2.64488
0.98	-2.38034	2.65178
0.99	-2.35382	2.65887
1	-2.32723	2.66614
1.01	-2.30057	2.67359
1.02	-2.27384	2.68122
1.03	-2.24702	2.68902
1.04	-2.22013	2.69698
1.05	-2.19316	2.70511
1.06	-2.16611	2.71339
1.07	-2.13898	2.72182
1.08	-2.11176	2.73039
1.09	-2.08446	2.7391
1.1	-2.05707	2.74794
1.11	-2.02959	2.75691
1.12	-2.00202	2.76599
1.13	-1.97436	2.77519
1.14	-1.94661	2.78449
1.15	-1.91876	2.79389
1.16	-1.89082	2.80338
1.17	-1.86279	2.81296
1.18	-1.83466	2.82261
1.19	-1.80643	2.83234
1.2	-1.77811	2.84212
1.21	-1.74969	2.85196
1.22	-1.72117	2.86185
1.23	-1.69255	2.87178
1.24	-1.66383	2.88173
1.25	-1.63502	2.89171
1.26	-1.6061	2.90171
1.27	-1.57708	2.91171
1.28	-1.54796	2.9217
1.29	-1.51875	2.93169
1.3	-1.48943	2.94166
1.31	-1.46001	2.9516
1.32	-1.4305	2.9615
1.33	-1.40088	2.97135
1.34	-1.37117	2.98115
1.35	-1.34136	2.99089
1.36	-1.31145	3.00056
1.37	-1.28144	3.01014
1.38	-1.25134	3.01964
1.39	-1.22115	3.02903
1.4	-1.19085	3.03832
1.41	-1.16047	3.04749
1.42	-1.13	3.05653
1.43	-1.09943	3.06544
1.44	-1.06878	3.07421
1.45	-1.03804	3.08282
1.46	-1.00721	3.09128
1.47	-0.976294	3.09956
1.48	-0.945298	3.10767
1.49	-0.914222	3.11559
1.5	-0.883066	3.12331
1.51	-0.851833	3.13084
1.52	-0.820524	3.13815
1.53	-0.789143	3.14525
1.54	-0.75769	3.15212
1.55	-0.726169	3.15876
1.56	-0.694581	3.16516
1.57	-0.66293	3.17132
1.58	-0.631217	3.17722
1.59	-0.599444	3.18286
1.6	-0.567616	3.18824
1.61	-0.535733	3.19334
1.62	-0.5038	3.19817
1.63	-0.471818	3.20272
1.64	-0.439791	3.20697
1.65	-0.407721	3.21094
1.66	-0.375612	3.21461
1.67	-0.343466	3.21797
1.68	-0.311286	3.22104
1.69	-0.279076	3.22379
1.7	-0.246838	3.22624
1.71	-0.214576	3.22836
1.72	-0.182292	3.23018
1.73	-0.14999	3.23167
1.74	-0.117673	3.23285
1.75	-0.0853449	3.2337
1.76	-0.0530079	3.23423
1.77	-0.0206657	3.23443
1.78	0.0116787	3.23432
1.79	0.0440219	3.23388
1.8	0.0763607	3.23312
1.81	0.108692	3.23203
1.82	0.141012	3.23062
1.83	0.173318	3.2289
1.84	0.205607	3.22686
1.85	0.237876	3.2245
1.86	0.270121	3.22183
1.87	0.302339	3.21886
1.88	0.334528	3.21557
1.89	0.366684	3.21199
1.9	0.398803	3.2081
1.91	0.430885	3.20393
1.92	0.462924	3.19946
1.93	0.494918	3.19471
1.94	0.526866	3.18968
1.95	0.558762	3.18438
1.96	0.590606	3.17881
1.97	0.622394	3.17298
1.98	0.654124	3.1669
1.99	0.685793	3.16057
2	0.717399	3.15399
2.01	0.748939	3.14718
2.02	0.780411	3.14015
2.03	0.811812	3.13289
2.04	0.843141	3.12543
2.05	0.874395	3.11775
2.06	0.905573	3.10989
2.07	0.936672	3.10183
2.08	0.96769	3.09359
2.09	0.998626	3.08519
2.1	1.02948	3.07662
2.11	1.06024	3.06789
2.12	1.09092	3.05902
2.13	1.12151	3.05001
2.14	1.15201	3.04088
2.15	1.18242	3.03162
2.16	1.21274	3.02226
2.17	1.24296	3.01279
2.18	1.27309	3.00323
2.19	1.30312	2.99359
2.2	1.33306	2.98387
2.21	1.3629	2.97408
2.22	1.39264	2.96424
2.23	1.42228	2.95435
2.24	1.45182	2.94442
2.25	1.48127	2.93446
2.26	1.51061	2.92448
2.27	1.53986	2.91448
2.28	1.569	2.90448
2.29	1.59805	2.89449
2.3	1.62699	2.8845
2.31	1.65584	2.87454
2.32	1.68458	2.8646
2.33	1.71323	2.85471
2.34	1.74177	2.84485
2.35	1.77022	2.83505
2.36	1.79857	2.82531
2.37	1.82683	2.81563
2.38	1.85498	2.80604
2.39	1.88304	2.79652
2.4	1.91101	2.78709
2.41	1.93888	2.77776
2.42	1.96666	2.76854
2.43	1.99434	2.75942
2.44	2.02194	2.75042
2.45	2.04944	2.74154
2.46	2.07686	2.7328
2.47	2.10418	2.72419
2.48	2.13143	2.71572
2.49	2.15858	2.70739
2.5	2.18566	2.69923
2.51	2.21265	2.69122
2.52	2.23956	2.68337
2.53	2.26639	2.67569
2.54	2.29315	2.66819
2.55	2.31983	2.66087
2.56	2.34644	2.65373
2.57	2.37298	2.64678
2.58	2.39945	2.64002
2.59	2.42585	2.63346
2.6	2.45218	2.6271
2.61	2.47845	2.62094
2.62	2.50466	2.61499
2.63	2.53081	2.60926
2.64	2.55691	2.60374
2.65	2.58294	2.59844
2.66	2.60893	2.59336
2.67	2.63486	2.58851
2.68	2.66075	2.58388
2.69	2.68658	2.57949
2.7	2.71238	2.57532
2.71	2.73813	2.5714
2.72	2.76385	2.56771
2.73	2.78952	2.56426
2.74	2.81517	2.56105
2.75	2.84078	2.55809
2.76	2.86636	2.55537
2.77	2.89191	2.5529
2.78	2.91744	2.55068
2.79	2.94295	2.54871
2.8	2.96843	2.54698
2.81	2.9939	2.54551
2.82	3.01936	2.54429
2.83	3.0448	2.54333
2.84	3.07024	2.54261
2.85	3.09566	2.54215
2.86	3.12108	2.54195
2.87	3.1465	2.542
2.88	3.17192	2.5423
2.89	3.19735	2.54286
2.9	3.22277	2.54367
2.91	3.24821	2.54473
2.92	3.27366	2.54605
2.93	3.29912	2.54762
2.94	3.32459	2.54944
2.95	3.35009	2.55151
2.96	3.3756	2.55383
2.97	3.40114	2.55639
2.98	3.42671	2.55921
2.99	3.4523	2.56226
3	3.47792	2.56557
3.01	3.50358	2.56911
3.02	3.52927	2.57289
3.03	3.555	2.5769
3.04	3.58077	2.58116
3.05	3.60658	2.58564
3.06	3.63243	2.59035
3.07	3.65834	2.59529
3.08	3.68429	2.60046
3.09	3.7103	2.60584
3.1	3.73635	2.61145
3.11	3.76247	2.61726
3.12	3.78864	2.62329
3.13	3.81487	2.62953
3.14	3.84117	2.63597
3.15	3.86753	2.64261
3.16	3.89395	2.64944
3.17	3.92045	2.65646
3.18	3.94701	2.66368
3.19	3.97365	2.67107
3.2	4.00036	2.67864
3.21	4.02715	2.68638
3.22	4.05401	2.69429
3.23	4.08095	2.70236
3.24	4.10798	2.71059
3.25	4.13508	2.71897
3.26	4.16227	2.7275
3.27	4.18955	2.73616
3.28	4.21691	2.74496
3.29	4.24436	2.75388
3.3	4.2719	2.76293
3.31	4.29953	2.77209
3.32	4.32725	2.78135
3.33	4.35506	2.79072
3.34	4.38297	2.80019
3.35	4.41097	2.80973
3.36	4.43907	2.81936
3.37	4.46726	2.82906
3.38	4.49555	2.83883
3.39	4.52394	2.84865
3.4	4.55243	2.85853
3.41	4.58101	2.86844
3.42	4.6097	2.87839
3.43	4.63848	2.88836
3.44	4.66736	2.89835
3.45	4.69635	2.90835
3.46	4.72543	2.91835
3.47	4.75462	2.92834
3.48	4.7839	2.93831
3.49	4.81328	2.94826
3.5	4.84276	2.95818
3.51	4.87235	2.96805
3.52	4.90203	2.97787
3.53	4.93181	2.98763
3.54	4.96168	2.99732
3.55	4.99165	3.00693
3.56	5.02172	3.01646
3.57	5.05189	3.02589
3.58	5.08215	3.03521
3.59	5.1125	3.04442
3.6	5.14294	3.05351
3.61	5.17348	3.06247
3.62	5.2041	3.07128
3.63	5.23482	3.07995
3.64	5.26562	3.08846
3.65	5.2965	3.0968
3.66	5.32747	3.10496
3.67	5.35852	3.11295
3.68	5.38965	3.12074
3.69	5.42085	3.12834
3.7	5.45214	3.13572
3.71	5.4835	3.14289
3.72	5.51492	3.14984
3.73	5.54642	3.15656
3.74	5.57799	3.16304
3.75	5.60962	3.16928
3.76	5.64131	3.17527
3.77	5.67306	3.181
3.78	5.70487	3.18646
3.79	5.73674	3.19166
3.8	5.76866	3.19658
3.81	5.80062	3.20122
3.82	5.83263	3.20558
3.83	5.86469	3.20964
3.84	5.89679	3.21341
3.85	5.92892	3.21688
3.86	5.96109	3.22004
3.87	5.99329	3.2229
3.88	6.02552	3.22545
3.89	6.05777	3.22768
3.9	6.09005	3.2296
3.91	6.12235	3.23121
3.92	6.15466	3.23249
3.93	6.18698	3.23345
3.94	6.21932	3.23409
3.95	6.25166	3.2344
3.96	6.284	3.23439
3.97	6.31635	3.23406
3.98	6.34869	3.23341
3.99	6.38102	3.23243
4	6.41334	3.23113
4.01	6.44566	3.22951
4.02	6.47795	3.22758
4.03	6.51023	3.22533
4.04	6.54248	3.22276
4.05	6.57471	3.21989
4.06	6.60691	3.21671
4.07	6.63907	3.21323
4.08	6.67121	3.20944
4.09	6.7033	3.20536
4.1	6.73535	3.20099
4.11	6.76736	3.19634
4.12	6.79933	3.1914
4.13	6.83124	3.18619
4.14	6.8631	3.18071
4.15	6.89491	3.17497
4.16	6.92666	3.16897
4.17	6.95835	3.16272
4.18	6.98998	3.15623
4.19	7.02154	3.1495
4.2	7.05303	3.14254
4.21	7.08446	3.13535
4.22	7.11581	3.12796
4.23	7.14709	3.12035
4.24	7.1783	3.11255
4.25	7.20942	3.10456
4.26	7.24047	3.09638
4.27	7.27143	3.08803
4.28	7.30231	3.07951
4.29	7.33311	3.07084
4.3	7.36382	3.06202
4.31	7.39444	3.05305
4.32	7.42497	3.04396
4.33	7.45541	3.03474
4.34	7.48575	3.02541
4.35	7.51601	3.01598
4.36	7.54617	3.00645
4.37	7.57623	2.99683
4.38	7.6062	2.98714
4.39	7.63607	2.97738
4.4	7.66584	2.96755
4.41	7.69552	2.95768
4.42	7.7251	2.94776
4.43	7.75457	2.93781
4.44	7.78395	2.92783
4.45	7.81323	2.91784
4.46	7.84241	2.90784
4.47	7.87149	2.89784
4.48	7.90047	2.88786
4.49	7.92934	2.87788
4.5	7.95812	2.86794
4.51	7.9868	2.85803
4.52	8.01538	2.84816
4.53	8.04387	2.83834
4.54	8.07225	2.82857
4.55	8.10053	2.81888
4.56	8.12872	2.80925
4.57	8.15682	2.79971
4.58	8.18481	2.79025
4.59	8.21271	2.78088
4.6	8.24052	2.77162
4.61	8.26824	2.76247
4.62	8.29586	2.75343
4.63	8.3234	2.74451
4.64	8.35084	2.73572
4.65	8.3782	2.72706
4.66	8.40547	2.71854
4.67	8.43266	2.71017
4.68	8.45976	2.70195
4.69	8.48678	2.69389
4.7	8.51372	2.68599
4.71	8.54058	2.67825
4.72	8.56736	2.67069
4.73	8.59407	2.66331
4.74	8.6207	2.65611
4.75	8.64726	2.64909
4.76	8.67375	2.64227
4.77	8.70017	2.63564
4.78	8.72653	2.62921
4.79	8.75282	2.62298
4.8	8.77905	2.61697
4.81	8.80522	2.61116
4.82	8.83133	2.60557
4.83	8.85739	2.60019
4.84	8.88339	2.59504
4.85	8.90934	2.59011
4.86	8.93524	2.58541
4.87	8.9611	2.58094
4.88	8.98691	2.5767
4.89	9.01267	2.57269
4.9	9.0384	2.56892
4.91	9.06409	2.56539
4.92	9.08974	2.5621
4.93	9.11536	2.55906
4.94	9.14096	2.55626
4.95	9.16652	2.55371
4.96	9.19205	2.5514
4.97	9.21757	2.54934
4.98	9.24306	2.54753
4.99	9.26854	2.54598
5	9.294	2.54467
5.01	9.31944	2.54362
5.02	9.34488	2.54283
5.03	9.37031	2.54228
5.04	9.39573	2.54199
5.05	9.42115	2.54195
5.06	9.44657	2.54217
5.07	9.47199	2.54264
5.08	9.49742	2.54337
5.09	9.52285	2.54435
5.1	9.5483	2.54558
5.11	9.57375	2.54707
5.12	9.59922	2.5488
5.13	9.62471	2.55079
5.14	9.65022	2.55302
5.15	9.67575	2.55551
5.16	9.7013	2.55824
5.17	9.72689	2.56121
5.18	9.7525	2.56443
5.19	9.77814	2.56789
5.2	9.80382	2.57159
5.21	9.82954	2.57553
5.22	9.85529	2.5797
5.23	9.88109	2.58411
5.24	9.90693	2.58875
5.25	9.93282	2.59361
5.26	9.95875	2.5987
5.27	9.98474	2.60401
5.28	10.0108	2.60954
5.29	10.0369	2.61529
5.3	10.063	2.62125
5.31	10.0892	2.62741
5.32	10.1155	2.63378
5.33	10.1419	2.64035
5.34	10.1683	2.64712
5.35	10.1947	2.65408
5.36	10.2213	2.66123
5.37	10.2479	2.66857
5.38	10.2746	2.67608
5.39	10.3013	2.68376
5.4	10.3282	2.69162
5.41	10.3551	2.69963
5.42	10.3821	2.70781
5.43	10.4092	2.71614
5.44	10.4363	2.72462
5.45	10.4636	2.73324
5.46	10.4909	2.74199
5.47	10.5183	2.75087
5.48	10.5458	2.75988
5.49	10.5734	2.769
5.5	10.6011	2.77823
5.51	10.6289	2.78757
5.52	10.6568	2.797
5.53	10.6847	2.80652
5.54	10.7128	2.81612
5.55	10.741	2.8258
5.56	10.7692	2.83554
5.57	10.7976	2.84535
5.58	10.826	2.8552
5.59	10.8546	2.86511
5.6	10.8832	2.87504
5.61	10.912	2.88501
5.62	10.9408	2.89499
5.63	10.9698	2.90499
5.64	10.9988	2.91499
5.65	11.028	2.92498
5.66	11.0572	2.93497
5.67	11.0866	2.94492
5.68	11.116	2.95485
5.69	11.1456	2.96474
5.7	11.1752	2.97458
5.71	11.205	2.98436
5.72	11.2348	2.99407
5.73	11.2648	3.00371
5.74	11.2948	3.01327
5.75	11.3249	3.02273
5.76	11.3552	3.03209
5.77	11.3855	3.04134
5.78	11.4159	3.05047
5.79	11.4464	3.05947
5.8	11.477	3.06834
5.81	11.5077	3.07705
5.82	11.5384	3.08562
5.83	11.5693	3.09401
5.84	11.6002	3.10224
5.85	11.6313	3.11029
5.86	11.6624	3.11815
5.87	11.6936	3.12581
5.88	11.7248	3.13326
5.89	11.7561	3.14051
5.9	11.7875	3.14753
5.91	11.819	3.15433
5.92	11.8506	3.16089
5.93	11.8822	3.16721
5.94	11.9138	3.17329
5.95	11.9456	3.1791
5.96	11.9774	3.18466
5.97	12.0092	3.18994
5.98	12.0411	3.19496
5.99	12.0731	3.19969
6	12.1051	3.20415
6.01	12.1371	3.20831
6.02	12.1692	3.21218
6.03	12.2013	3.21575
6.04	12.2335	3.21901
6.05	12.2657	3.22198
6.06	12.2979	3.22463
6.07	12.3301	3.22697
6.08	12.3624	3.22899
6.09	12.3947	3.2307
6.1	12.427	3.23209
6.11	12.4593	3.23316
6.12	12.4916	3.23391
6.13	12.524	3.23433
6.14	12.5563	3.23443
6.15	12.5887	3.23421
6.16	12.621	3.23366
6.17	12.6533	3.23279
6.18	12.6857	3.2316
6.19	12.718	3.23009
6.2	12.7503	3.22826
6.21	12.7826	3.22612
6.22	12.8148	3.22366
6.23	12.8471	3.22089
6.24	12.8793	3.21781
6.25	12.9115	3.21443
6.26	12.9436	3.21075
6.27	12.9757	3.20677
6.28	13.0078	3.20249
6.29	13.0398	3.19793
6.3	13.0718	3.19309
6.31	13.1037	3.18797
6.32	13.1356	3.18258
6.33	13.1674	3.17693
6.34	13.1992	3.17101
6.35	13.2309	3.16485
6.36	13.2625	3.15843
6.37	13.2941	3.15178
6.38	13.3257	3.1449
6.39	13.3571	3.13779
6.4	13.3885	3.13046
6.41	13.4198	3.12293
6.42	13.451	3.11519
6.43	13.4822	3.10726
6.44	13.5132	3.09915
6.45	13.5442	3.09085
6.46	13.5751	3.08239
6.47	13.606	3.07377
6.48	13.6367	3.065
6.49	13.6673	3.05608
6.5	13.6979	3.04703
6.51	13.7284	3.03785
6.52	13.7588	3.02856
6.53	13.789	3.01916
6.54	13.8192	3.00966
6.55	13.8493	3.00007
6.56	13.8793	2.9904
6.57	13.9092	2.98066
6.58	13.939	2.97086
6.59	13.9688	2.961
6.6	13.9984	2.95109
6.61	14.0279	2.94115
6.62	14.0573	2.93119
6.63	14.0866	2.9212
6.64	14.1158	2.9112
6.65	14.1449	2.9012
6.66	14.1739	2.89121
6.67	14.2028	2.88123
6.68	14.2317	2.87127
6.69	14.2604	2.86135
6.7	14.289	2.85147
6.71	14.3175	2.84163
6.72	14.3459	2.83184
6.73	14.3742	2.82212
6.74	14.4025	2.81247
6.75	14.4306	2.8029
6.76	14.4586	2.79341
6.77	14.4865	2.78402
6.78	14.5144	2.77472
6.79	14.5421	2.76553
6.8	14.5698	2.75645
6.81	14.5973	2.74749
6.82	14.6248	2.73866
6.83	14.6522	2.72995
6.84	14.6795	2.72139
6.85	14.7067	2.71297
6.86	14.7339	2.7047
6.87	14.7609	2.69658
6.88	14.7879	2.68862
6.89	14.8148	2.68083
6.9	14.8416	2.67321
6.91	14.8683	2.66577
6.92	14.8949	2.6585
6.93	14.9215	2.65142
6.94	14.948	2.64454
6.95	14.9745	2.63784
6.96	15.0009	2.63135
6.97	15.0272	2.62505
6.98	15.0534	2.61896
6.99	15.0796	2.61309
7	15.1058	2.60742
7.01	15.1318	2.60197
7.02	15.1579	2.59675
7.03	15.1838	2.59174
7.04	15.2097	2.58696
7.05	15.2356	2.58241
7.06	15.2614	2.57809
7.07	15.2872	2.57401
7.08	15.313	2.57016
7.09	15.3387	2.56655
7.1	15.3643	2.56318
7.11	15.3899	2.56006
7.12	15.4155	2.55717
7.13	15.4411	2.55454
7.14	15.4667	2.55215
7.15	15.4922	2.55
7.16	15.5177	2.54811
7.17	15.5432	2.54647
7.18	15.5686	2.54508
7.19	15.5941	2.54395
7.2	15.6195	2.54306
7.21	15.645	2.54244
7.22	15.6704	2.54206
7.23	15.6958	2.54194
7.24	15.7212	2.54207
7.25	15.7466	2.54246
7.26	15.7721	2.5431
7.27	15.7975	2.54399
7.28	15.8229	2.54514
7.29	15.8484	2.54654
7.3	15.8739	2.54819
7.31	15.8993	2.55009
7.32	15.9248	2.55224
7.33	15.9504	2.55464
7.34	15.9759	2.55729
7.35	16.0015	2.56018
7.36	16.0271	2.56332
7.37	16.0527	2.5667
7.38	16.0784	2.57032
7.39	16.1041	2.57418
7.4	16.1298	2.57827
7.41	16.1556	2.5826
7.42	16.1814	2.58716
7.43	16.2073	2.59195
7.44	16.2332	2.59697
7.45	16.2592	2.6022
7.46	16.2852	2.60766
7.47	16.3113	2.61333
7.48	16.3374	2.61922
7.49	16.3636	2.62532
7.5	16.3899	2.63162
7.51	16.4162	2.63813
7.52	16.4426	2.64483
7.53	16.469	2.65173
7.54	16.4955	2.65881
7.55	16.5221	2.66608
7.56	16.5488	2.67354
7.57	16.5755	2.68116
7.58	16.6023	2.68896
7.59	16.6292	2.69692
7.6	16.6562	2.70505
7.61	16.6832	2.71333
7.62	16.7104	2.72175
7.63	16.7376	2.73033
7.64	16.7649	2.73903
7.65	16.7923	2.74787
7.66	16.8198	2.75684
7.67	16.8473	2.76592
7.68	16.875	2.77512
7.69	16.9027	2.78442
7.7	16.9306	2.79382
7.71	16.9585	2.80331
7.72	16.9866	2.81289
7.73	17.0147	2.82254
7.74	17.0429	2.83226
7.75	17.0712	2.84205
7.76	17.0997	2.85189
7.77	17.1282	2.86178
7.78	17.1568	2.8717
7.79	17.1855	2.88166
7.8	17.2143	2.89164
7.81	17.2432	2.90163
7.82	17.2723	2.91163
7.83	17.3014	2.92163
7.84	17.3306	2.93162
7.85	17.3599	2.94158
7.86	17.3893	2.95152
7.87	17.4188	2.96142
7.88	17.4485	2.97128
7.89	17.4782	2.98108
7.9	17.508	2.99082
7.91	17.5379	3.00049
7.92	17.5679	3.01007
7.93	17.598	3.01957
7.94	17.6282	3.02896
7.95	17.6585	3.03825
7.96	17.6889	3.04742
7.97	17.7193	3.05647
7.98	17.7499	3.06538
7.99	17.7805	3.07414
8	17.8113	3.08276
8.01	17.8421	3.09121
8.02	17.873	3.0995
8.03	17.904	3.10761
8.04	17.9351	3.11553
8.05	17.9663	3.12326
8.06	17.9975	3.13078
8.07	18.0288	3.1381
8.08	18.0602	3.1452
8.09	18.0916	3.15207
8.1	18.1232	3.15872
8.11	18.1547	3.16512
8.12	18.1864	3.17127
8.13	18.2181	3.17718
8.14	18.2499	3.18282
8.15	18.2817	3.1882
8.16	18.3136	3.19331
8.17	18.3455	3.19814
8.18	18.3775	3.20268
8.19	18.4095	3.20694
8.2	18.4416	3.21091
8.21	18.4737	3.21458
8.22	18.5058	3.21795
8.23	18.538	3.22102
8.24	18.5702	3.22377
8.25	18.6025	3.22622
8.26	18.6347	3.22835
8.27	18.667	3.23017
8.28	18.6993	3.23166
8.29	18.7316	3.23284
8.3	18.764	3.23369
8.31	18.7963	3.23423
8.32	18.8286	3.23443
8.33	18.861	3.23432
8.34	18.8933	3.23388
8.35	18.9257	3.23312
8.36	18.958	3.23204
8.37	18.9903	3.23064
8.38	19.0226	3.22891
8.39	19.0549	3.22688
8.4	19.0872	3.22452
8.41	19.1194	3.22185
8.42	19.1517	3.21888
8.43	19.1838	3.2156
8.44	19.216	3.21202
8.45	19.2481	3.20813
8.46	19.2802	3.20396
8.47	19.3122	3.1995
8.48	19.3442	3.19475
8.49	19.3762	3.18972
8.5	19.4081	3.18442
8.51	19.4399	3.17886
8.52	19.4717	3.17303
8.53	19.5034	3.16695
8.54	19.5351	3.16062
8.55	19.5667	3.15404
8.56	19.5983	3.14724
8.57	19.6297	3.1402
8.58	19.6611	3.13295
8.59	19.6925	3.12548
8.6	19.7237	3.11781
8.61	19.7549	3.10995
8.62	19.786	3.10189
8.63	19.817	3.09366
8.64	19.848	3.08525
8.65	19.8788	3.07668
8.66	19.9096	3.06796
8.67	19.9402	3.05909
8.68	19.9708	3.05008
8.69	20.0013	3.04095
8.7	20.0318	3.03169
8.71	20.0621	3.02233
8.72	20.0923	3.01286
8.73	20.1224	3.0033
8.74	20.1525	2.99366
8.75	20.1824	2.98394
8.76	20.2122	2.97416
8.77	20.242	2.96431
8.78	20.2716	2.95443
8.79	20.3012	2.9445
8.8	20.3306	2.93454
8.81	20.3599	2.92455
8.82	20.3892	2.91456
8.83	20.4183	2.90456
8.84	20.4474	2.89456
8.85	20.4763	2.88458
8.86	20.5052	2.87461
8.87	20.5339	2.86468
8.88	20.5626	2.85478
8.89	20.5911	2.84493
8.9	20.6196	2.83512
8.91	20.6479	2.82538
8.92	20.6762	2.81571
8.93	20.7043	2.80611
8.94	20.7324	2.79659
8.95	20.7604	2.78716
8.96	20.7882	2.77783
8.97	20.816	2.7686
8.98	20.8437	2.75949
8.99	20.8713	2.75049
9	20.8988	2.74161
9.01	20.9262	2.73286
9.02	20.9535	2.72425
9.03	20.9808	2.71578
9.04	21.0079	2.70746
9.05	21.035	2.69929
9.06	21.062	2.69128
9.07	21.0889	2.68343
9.08	21.1157	2.67575
9.09	21.1425	2.66825
9.1	21.1692	2.66092
9.11	21.1958	2.65378
9.12	21.2223	2.64683
9.13	21.2488	2.64007
9.14	21.2752	2.6335
9.15	21.3015	2.62714
9.16	21.3278	2.62098
9.17	21.354	2.61504
9.18	21.3802	2.6093
9.19	21.4063	2.60378
9.2	21.4323	2.59848
9.21	21.4583	2.5934
9.22	21.4842	2.58854
9.23	21.5101	2.58391
9.24	21.5359	2.57952
9.25	21.5617	2.57535
9.26	21.5875	2.57143
9.27	21.6132	2.56774
9.28	21.6389	2.56429
9.29	21.6645	2.56108
9.3	21.6901	2.55811
9.31	21.7157	2.55539
9.32	21.7413	2.55292
9.33	21.7668	2.5507
9.34	21.7923	2.54872
9.35	21.8178	2.547
9.36	21.8433	2.54552
9.37	21.8687	2.5443
9.38	21.8942	2.54333
9.39	21.9196	2.54262
9.4	21.945	2.54216
9.41	21.9704	2.54195
9.42	21.9959	2.542
9.43	22.0213	2.5423
9.44	22.0467	2.54285
9.45	22.0721	2.54366
9.46	22.0976	2.54473
9.47	22.123	2.54604
9.48	22.1485	2.54761
9.49	22.174	2.54943
9.5	22.1995	2.55149
9.51	22.225	2.55381
9.52	22.2505	2.55637
9.53	22.2761	2.55919
9.54	22.3017	2.56224
9.55	22.3273	2.56554
9.56	22.3529	2.56908
9.57	22.3786	2.57286
9.58	22.4044	2.57687
9.59	22.4301	2.58112
9.6	22.4559	2.58561
9.61	22.4818	2.59032
9.62	22.5077	2.59526
9.63	22.5337	2.60042
9.64	22.5597	2.6058
9.65	22.5857	2.6114
9.66	22.6118	2.61722
9.67	22.638	2.62325
9.68	22.6642	2.62948
9.69	22.6905	2.63592
9.7	22.7169	2.64256
9.71	22.7433	2.64939
9.72	22.7698	2.65641
9.73	22.7964	2.66362
9.74	22.823	2.67101
9.75	22.8497	2.67858
9.76	22.8765	2.68632
9.77	22.9034	2.69423
9.78	22.9303	2.7023
9.79	22.9573	2.71053
9.8	22.9844	2.71891
9.81	23.0116	2.72743
9.82	23.0389	2.73609
9.83	23.0663	2.74489
9.84	23.0937	2.75381
9.85	23.1212	2.76286
9.86	23.1489	2.77202
9.87	23.1766	2.78128
9.88	23.2044	2.79065
9.89	23.2323	2.80011
9.9	23.2603	2.80966
9.91	23.2884	2.81929
9.92	23.3166	2.82899
9.93	23.3449	2.83876
9.94	23.3733	2.84858
9.95	23.4018	2.85845
9.96	23.4304	2.86836
9.97	23.459	2.87831
9.98	23.4878	2.88828
9.99	23.5167	2.89827
10	23.5457	2.90827
10.01	23.5748	2.91827
10.02	23.604	2.92826
10.03	23.6332	2.93824
10.04	23.6626	2.94819
10.05	23.6921	2.9581
10.06	23.7217	2.96798
10.07	23.7514	2.9778
10.08	23.7811	2.98756
10.09	23.811	2.99725
10.1	23.841	3.00686
10.11	23.8711	3.01639
10.12	23.9012	3.02582
10.13	23.9315	3.03514
10.14	23.9618	3.04435
10.15	23.9923	3.05344
10.16	24.0228	3.0624
10.17	24.0534	3.07122
10.18	24.0841	3.07988
10.19	24.1149	3.08839
10.2	24.1458	3.09674
10.21	24.1768	3.1049
10.22	24.2078	3.11289
10.23	24.239	3.12068
10.24	24.2702	3.12828
10.25	24.3015	3.13567
10.26	24.3328	3.14284
10.27	24.3642	3.14979
10.28	24.3957	3.15651
10.29	24.4273	3.16299
10.3	24.4589	3.16923
10.31	24.4906	3.17522
10.32	24.5224	3.18095
10.33	24.5542	3.18642
10.34	24.5861	3.19162
10.35	24.618	3.19654
10.36	24.6499	3.20119
10.37	24.6819	3.20554
10.38	24.714	3.20961
10.39	24.7461	3.21338
10.4	24.7782	3.21685
10.41	24.8104	3.22002
10.42	24.8426	3.22288
10.43	24.8748	3.22543
10.44	24.9071	3.22767
10.45	24.9394	3.22959
10.46	24.9717	3.23119
10.47	25.004	3.23248
10.48	25.0363	3.23344
10.49	25.0686	3.23408
10.5	25.101	3.2344
10.51	25.1333	3.23439
10.52	25.1657	3.23407
10.53	25.198	3.23341
10.54	25.2303	3.23244
10.55	25.2627	3.23114
10.56	25.295	3.22953
10.57	25.3273	3.2276
10.58	25.3595	3.22535
10.59	25.3918	3.22278
10.6	25.424	3.21991
10.61	25.4562	3.21673
10.62	25.4884	3.21325
10.63	25.5205	3.20947
10.64	25.5526	3.20539
10.65	25.5847	3.20103
10.66	25.6167	3.19638
10.67	25.6486	3.19144
10.68	25.6806	3.18623
10.69	25.7124	3.18076
10.7	25.7442	3.17502
10.71	25.776	3.16902
10.72	25.8077	3.16277
10.73	25.8393	3.15628
10.74	25.8709	3.14955
10.75	25.9024	3.14259
10.76	25.9338	3.13541
10.77	25.9651	3.12801
10.78	25.9964	3.12041
10.79	26.0276	3.11261
10.8	26.0587	3.10462
10.81	26.0898	3.09644
10.82	26.1208	3.08809
10.83	26.1516	3.07958
10.84	26.1824	3.0709
10.85	26.2131	3.06208
10.86	26.2438	3.05312
10.87	26.2743	3.04403
10.88	26.3047	3.03481
10.89	26.3351	3.02548
10.9	26.3653	3.01605
10.91	26.3955	3.00652
10.92	26.4256	2.99691
10.93	26.4555	2.98721
10.94	26.4854	2.97745
10.95	26.5152	2.96763
10.96	26.5449	2.95775
10.97	26.5744	2.94783
10.98	26.6039	2.93788
10.99	26.6333	2.92791
11	26.6626	2.91792
11.01	26.6917	2.90792
11.02	26.7208	2.89792
11.03	26.7498	2.88793
11.04	26.7787	2.87796
11.05	26.8075	2.86801
11.06	26.8361	2.8581
11.07	26.8647	2.84823
11.08	26.8932	2.83841
11.09	26.9216	2.82865
11.1	26.9499	2.81895
11.11	26.9781	2.80932
11.12	27.0062	2.79978
11.13	27.0342	2.79032
11.14	27.0621	2.78095
11.15	27.0899	2.77169
11.16	27.1176	2.76254
11.17	27.1452	2.7535
11.18	27.1727	2.74458
11.19	27.2002	2.73578
11.2	27.2276	2.72713
11.21	27.2548	2.71861
11.22	27.282	2.71023
11.23	27.3091	2.70201
11.24	27.3361	2.69395
11.25	27.3631	2.68605
11.26	27.3899	2.67831
11.27	27.4167	2.67075
11.28	27.4434	2.66336
11.29	27.4701	2.65616
11.3	27.4966	2.64914
11.31	27.5231	2.64232
11.32	27.5495	2.63569
11.33	27.5759	2.62926
11.34	27.6022	2.62303
11.35	27.6284	2.61701
11.36	27.6546	2.6112
11.37	27.6807	2.60561
11.38	27.7068	2.60023
11.39	27.7328	2.59508
11.4	27.7587	2.59015
11.41	27.7846	2.58544
11.42	27.8105	2.58097
11.43	27.8363	2.57673
11.44	27.862	2.57272
11.45	27.8878	2.56895
11.46	27.9135	2.56542
11.47	27.9391	2.56213
11.48	27.9647	2.55908
11.49	27.9903	2.55628
11.5	28.0159	2.55372
11.51	28.0414	2.55142
11.52	28.0669	2.54936
11.53	28.0924	2.54755
11.54	28.1179	2.54599
11.55	28.1434	2.54468
11.56	28.1688	2.54363
11.57	28.1942	2.54283
11.58	28.2197	2.54228
11.59	28.2451	2.54199
11.6	28.2705	2.54195
11.61	28.2959	2.54217
11.62	28.3214	2.54264
11.63	28.3468	2.54336
11.64	28.3722	2.54434
11.65	28.3977	2.54557
11.66	28.4231	2.54705
11.67	28.4486	2.54879
11.68	28.4741	2.55077
11.69	28.4996	2.553
11.7	28.5251	2.55549
11.71	28.5507	2.55821
11.72	28.5763	2.56119
11.73	28.6019	2.5644
11.74	28.6275	2.56786
11.75	28.6532	2.57156
11.76	28.6789	2.5755
11.77	28.7047	2.57967
11.78	28.7305	2.58407
11.79	28.7563	2.58871
11.8	28.7822	2.59357
11.81	28.8081	2.59866
11.82	28.8341	2.60397
11.83	28.8601	2.6095
11.84	28.8862	2.61524
11.85	28.9124	2.6212
11.86	28.9386	2.62736
11.87	28.9649	2.63373
11.88	28.9912	2.6403
11.89	29.0176	2.64707
11.9	29.0441	2.65403
11.91	29.0706	2.66118
11.92	29.0972	2.66851
11.93	29.1239	2.67602
11.94	29.1507	2.6837
11.95	29.1775	2.69156
11.96	29.2044	2.69957
11.97	29.2314	2.70775
11.98	29.2585	2.71608
11.99	29.2857	2.72455
12	29.3129	2.73317
12.01	29.3402	2.74192
12.02	29.3677	2.7508
12.03	29.3952	2.75981
12.04	29.4228	2.76893
12.05	29.4505	2.77816
12.06	29.4782	2.7875
12.07	29.5061	2.79693
12.08	29.5341	2.80645
12.09	29.5622	2.81605
12.1	29.5903	2.82573
12.11	29.6186	2.83547
12.12	29.6469	2.84527
12.13	29.6754	2.85513
12.14	29.7039	2.86503
12.15	29.7326	2.87497
12.16	29.7613	2.88493
12.17	29.7902	2.89492
12.18	29.8191	2.90491
12.19	29.8482	2.91491
12.2	29.8773	2.92491
12.21	29.9066	2.93489
12.22	29.9359	2.94485
12.23	29.9654	2.95478
12.24	29.9949	2.96466
12.25	30.0246	2.9745
12.26	30.0543	2.98429
12.27	30.0842	2.994
12.28	30.1141	3.00364
12.29	30.1441	3.0132
12.3	30.1743	3.02266
12.31	30.2045	3.03202
12.32	30.2348	3.04127
12.33	30.2652	3.0504
12.34	30.2957	3.05941
12.35	30.3263	3.06827
12.36	30.357	3.07699
12.37	30.3878	3.08555
12.38	30.4186	3.09395
12.39	30.4496	3.10218
12.4	30.4806	3.11023
12.41	30.5117	3.11809
12.42	30.5429	3.12575
12.43	30.5741	3.13321
12.44	30.6055	3.14046
12.45	30.6369	3.14748
12.46	30.6683	3.15428
12.47	30.6999	3.16084
12.48	30.7315	3.16717
12.49	30.7632	3.17324
12.5	30.7949	3.17906
12.51	30.8267	3.18462
12.52	30.8585	3.18991
12.53	30.8904	3.19492
12.54	30.9224	3.19966
12.55	30.9544	3.20411
12.56	30.9864	3.20828
12.57	31.0185	3.21215
12.58	31.0506	3.21572
12.59	31.0828	3.21899
12.6	31.115	3.22195
12.61	31.1472	3.22461
12.62	31.1794	3.22695
12.63	31.2117	3.22898
12.64	31.244	3.23069
12.65	31.2763	3.23208
12.66	31.3086	3.23315
12.67	31.341	3.2339
12.68	31.3733	3.23433
12.69	31.4056	3.23443
12.7	31.438	3.23421
12.71	31.4703	3.23367
12.72	31.5027	3.2328
12.73	31.535	3.23161
12.74	31.5673	3.23011
12.75	31.5996	3.22828
12.76	31.6319	3.22614
12.77	31.6642	3.22368
12.78	31.6964	3.22091
12.79	31.7286	3.21784
12.8	31.7608	3.21446
12.81	31.7929	3.21077
12.82	31.825	3.2068
12.83	31.8571	3.20253
12.84	31.8891	3.19797
12.85	31.9211	3.19313
12.86	31.953	3.18801
12.87	31.9849	3.18263
12.88	32.0167	3.17697
12.89	32.0485	3.17106
12.9	32.0802	3.16489
12.91	32.1119	3.15848
12.92	32.1435	3.15183
12.93	32.175	3.14495
12.94	32.2064	3.13784
12.95	32.2378	3.13052
12.96	32.2691	3.12299
12.97	32.3003	3.11525
12.98	32.3315	3.10732
12.99	32.3626	3.09921
13	32.3936	3.09092
13.01	32.4245	3.08246
13.02	32.4553	3.07383
13.03	32.486	3.06506
13.04	32.5167	3.05615
13.05	32.5472	3.0471
13.06	32.5777	3.03792
13.07	32.6081	3.02863
13.08	32.6384	3.01923
13.09	32.6686	3.00973
13.1	32.6987	3.00014
13.11	32.7287	2.99048
13.12	32.7586	2.98073
13.13	32.7884	2.97093
13.14	32.8181	2.96107
13.15	32.8477	2.95117
13.16	32.8772	2.94123
13.17	32.9066	2.93126
13.18	32.9359	2.92127
13.19	32.9651	2.91128
13.2	32.9943	2.90128
13.21	33.0233	2.89128
13.22	33.0522	2.8813
13.23	33.081	2.87135
13.24	33.1097	2.86142
13.25	33.1383	2.85154
13.26	33.1668	2.8417
13.27	33.1953	2.83192
13.28	33.2236	2.8222
13.29	33.2518	2.81255
13.3	33.2799	2.80297
13.31	33.308	2.79348
13.32	33.3359	2.78409
13.33	33.3637	2.77479
13.34	33.3915	2.7656
13.35	33.4191	2.75652
13.36	33.4467	2.74756
13.37	33.4742	2.73872
13.38	33.5016	2.73002
13.39	33.5289	2.72145
13.4	33.5561	2.71303
13.41	33.5832	2.70476
13.42	33.6103	2.69664
13.43	33.6372	2.68868
13.44	33.6641	2.68089
13.45	33.6909	2.67327
13.46	33.7176	2.66582
13.47	33.7443	2.65856
13.48	33.7709	2.65148
13.49	33.7974	2.64459
13.5	33.8239	2.63789
13.51	33.8502	2.63139
13.52	33.8765	2.6251
13.53	33.9028	2.61901
13.54	33.929	2.61313
13.55	33.9551	2.60746
13.56	33.9812	2.60201
13.57	34.0072	2.59678
13.58	34.0332	2.59178
13.59	34.0591	2.587
13.6	34.085	2.58245
13.61	34.1108	2.57813
13.62	34.1366	2.57404
13.63	34.1623	2.57019
13.64	34.188	2.56658
13.65	34.2137	2.56321
13.66	34.2393	2.56008
13.67	34.2649	2.55719
13.68	34.2905	2.55455
13.69	34.316	2.55216
13.7	34.3416	2.55002
13.71	34.3671	2.54813
13.72	34.3925	2.54648
13.73	34.418	2.54509
13.74	34.4435	2.54396
13.75	34.4689	2.54307
13.76	34.4943	2.54244
13.77	34.5197	2.54206
13.78	34.5452	2.54194
13.79	34.5706	2.54207
13.8	34.596	2.54245
13.81	34.6214	2.54309
13.82	34.6469	2.54398
13.83	34.6723	2.54513
13.84	34.6978	2.54653
13.85	34.7232	2.54818
13.86	34.7487	2.55008
13.87	34.7742	2.55223
13.88	34.7997	2.55463
13.89	34.8253	2.55727
13.9	34.8508	2.56016
13.91	34.8764	2.5633
13.92	34.9021	2.56668
13.93	34.9277	2.57029
13.94	34.9534	2.57415
13.95	34.9792	2.57824
13.96	35.005	2.58257
13.97	35.0308	2.58713
13.98	35.0567	2.59191
13.99	35.0826	2.59693
14	35.1086	2.60216
14.01	35.1346	2.60762
14.02	35.1607	2.61329
14.03	35.1868	2.61918
14.04	35.213	2.62527
14.05	35.2392	2.63157
14.06	35.2655	2.63808
14.07	35.2919	2.64478
14.08	35.3184	2.65167
14.09	35.3449	2.65876
14.1	35.3715	2.66603
14.11	35.3981	2.67348
14.12	35.4249	2.6811
14.13	35.4517	2.6889
14.14	35.4786	2.69686
14.15	35.5055	2.70499
14.16	35.5326	2.71326
14.17	35.5597	2.72169
14.18	35.5869	2.73026
14.19	35.6142	2.73897
14.2	35.6416	2.74781
14.21	35.6691	2.75677
14.22	35.6967	2.76585
14.23	35.7243	2.77505
14.24	35.7521	2.78435
14.25	35.7799	2.79375
14.26	35.8079	2.80324
14.27	35.8359	2.81282
14.28	35.864	2.82247
14.29	35.8923	2.83219
14.3	35.9206	2.84198
14.31	35.949	2.85182
14.32	35.9775	2.8617
14.33	36.0061	2.87163
14.34	36.0348	2.88158
14.35	36.0637	2.89156
14.36	36.0926	2.90156
14.37	36.1216	2.91156
14.38	36.1507	2.92155
14.39	36.1799	2.93154
14.4	36.2092	2.94151
14.41	36.2387	2.95145
14.42	36.2682	2.96135
14.43	36.2978	2.97121
14.44	36.3275	2.98101
14.45	36.3573	2.99075
14.46	36.3872	3.00041
14.47	36.4172	3.01
14.48	36.4473	3.01949
14.49	36.4775	3.02889
14.5	36.5078	3.03818
14.51	36.5382	3.04735
14.52	36.5687	3.0564
14.53	36.5992	3.06531
14.54	36.6299	3.07408
14.55	36.6606	3.08269
14.56	36.6914	3.09115
14.57	36.7224	3.09944
14.58	36.7533	3.10755
14.59	36.7844	3.11547
14.6	36.8156	3.1232
14.61	36.8468	3.13073
14.62	36.8781	3.13805
14.63	36.9095	3.14515
14.64	36.9409	3.15202
14.65	36.9725	3.15867
14.66	37.0041	3.16507
14.67	37.0357	3.17123
14.68	37.0674	3.17713
14.69	37.0992	3.18278
14.7	37.131	3.18816
14.71	37.1629	3.19327
14.72	37.1948	3.1981
14.73	37.2268	3.20265
14.74	37.2588	3.20691
14.75	37.2909	3.21088
14.76	37.323	3.21455
14.77	37.3552	3.21793
14.78	37.3873	3.22099
14.79	37.4196	3.22375
14.8	37.4518	3.2262
14.81	37.4841	3.22834
14.82	37.5163	3.23015
14.83	37.5486	3.23165
14.84	37.581	3.23283
14.85	37.6133	3.23369
14.86	37.6456	3.23422
14.87	37.678	3.23443
14.88	37.7103	3.23432
14.89	37.7426	3.23389
14.9	37.775	3.23313
14.91	37.8073	3.23205
14.92	37.8396	3.23065
14.93	37.8719	3.22893
14.94	37.9042	3.22689
14.95	37.9365	3.22454
14.96	37.9687	3.22188
14.97	38.001	3.2189
14.98	38.0332	3.21562
14.99	38.0653	3.21204
