0	3.14149	-0.0001
0.01	3.14149	-0.00010101
0.02	3.14149	-0.00010203
0.03	3.14149	-0.00010306
0.04	3.14149	-0.000104101
0.05	3.14149	-0.000105152
0.06	3.14149	-0.000106214
0.07	3.14149	-0.000107286
0.08	3.14148	-0.000108369
0.09	3.14148	-0.000109462
0.1	3.14148	-0.000110567
0.11	3.14148	-0.000111683
0.12	3.14148	-0.00011281
0.13	3.14148	-0.000113948
0.14	3.14148	-0.000115097
0.15	3.14148	-0.000116258
0.16	3.14148	-0.000117431
0.17	3.14147	-0.000118616
0.18	3.14147	-0.000119812
0.19	3.14147	-0.00012102
0.2	3.14147	-0.000122241
0.21	3.14147	-0.000123473
0.22	3.14147	-0.000124718
0.23	3.14147	-0.000125976
0.24	3.14147	-0.000127246
0.25	3.14146	-0.000128528
0.26	3.14146	-0.000129824
0.27	3.14146	-0.000131133
0.28	3.14146	-0.000132454
0.29	3.14146	-0.000133789
0.3	3.14146	-0.000135138
0.31	3.14146	-0.000136499
0.32	3.14146	-0.000137875
0.33	3.14145	-0.000139264
0.34	3.14145	-0.000140667
0.35	3.14145	-0.000142085
0.36	3.14145	-0.000143516
0.37	3.14145	-0.000144962
0.38	3.14145	-0.000146422
0.39	3.14145	-0.000147897
0.4	3.14144	-0.000149387
0.41	3.14144	-0.000150892
0.42	3.14144	-0.000152412
0.43	3.14144	-0.000153947
0.44	3.14144	-0.000155497
0.45	3.14144	-0.000157063
0.46	3.14143	-0.000158645
0.47	3.14143	-0.000160242
0.48	3.14143	-0.000161856
0.49	3.14143	-0.000163486
0.5	3.14143	-0.000165132
0.51	3.14143	-0.000166794
0.52	3.14142	-0.000168474
0.53	3.14142	-0.00017017
0.54	3.14142	-0.000171883
0.55	3.14142	-0.000173613
0.56	3.14142	-0.000175361
0.57	3.14142	-0.000177126
0.58	3.14141	-0.000178909
0.59	3.14141	-0.00018071
0.6	3.14141	-0.000182529
0.61	3.14141	-0.000184366
0.62	3.14141	-0.000186222
0.63	3.14141	-0.000188096
0.64	3.1414	-0.000189989
0.65	3.1414	-0.000191901
0.66	3.1414	-0.000193832
0.67	3.1414	-0.000195783
0.68	3.1414	-0.000197753
0.69	3.14139	-0.000199743
0.7	3.14139	-0.000201753
0.71	3.14139	-0.000203783
0.72	3.14139	-0.000205834
0.73	3.14139	-0.000207905
0.74	3.14138	-0.000209997
0.75	3.14138	-0.000212109
0.76	3.14138	-0.000214244
0.77	3.14138	-0.000216399
0.78	3.14137	-0.000218576
0.79	3.14137	-0.000220775
0.8	3.14137	-0.000222996
0.81	3.14137	-0.00022524
0.82	3.14137	-0.000227506
0.83	3.14136	-0.000229794
0.84	3.14136	-0.000232106
0.85	3.14136	-0.000234441
0.86	3.14136	-0.000236799
0.87	3.14135	-0.000239181
0.88	3.14135	-0.000241587
0.89	3.14135	-0.000244017
0.9	3.14135	-0.000246471
0.91	3.14134	-0.00024895
0.92	3.14134	-0.000251454
0.93	3.14134	-0.000253984
0.94	3.14134	-0.000256538
0.95	3.14133	-0.000259118
0.96	3.14133	-0.000261724
0.97	3.14133	-0.000264357
0.98	3.14133	-0.000267015
0.99	3.14132	-0.000269701
1	3.14132	-0.000272413
1.01	3.14132	-0.000275153
1.02	3.14132	-0.00027792
1.03	3.14131	-0.000280715
1.04	3.14131	-0.000283538
1.05	3.14131	-0.000286389
1.06	3.1413	-0.000289269
1.07	3.1413	-0.000292178
1.08	3.1413	-0.000295116
1.09	3.1413	-0.000298084
1.1	3.14129	-0.000301081
1.11	3.14129	-0.000304109
1.12	3.14129	-0.000307167
1.13	3.14128	-0.000310256
1.14	3.14128	-0.000313375
1.15	3.14128	-0.000316526
1.16	3.14127	-0.000319709
1.17	3.14127	-0.000322924
1.18	3.14127	-0.000326171
1.19	3.14126	-0.00032945
1.2	3.14126	-0.000332763
1.21	3.14126	-0.000336109
1.22	3.14125	-0.000339488
1.23	3.14125	-0.000342901
1.24	3.14125	-0.000346349
1.25	3.14124	-0.000349831
1.26	3.14124	-0.000353349
1.27	3.14124	-0.000356901
1.28	3.14123	-0.00036049
1.29	3.14123	-0.000364114
1.3	3.14123	-0.000367775
1.31	3.14122	-0.000371472
1.32	3.14122	-0.000375207
1.33	3.14122	-0.000378979
1.34	3.14121	-0.000382789
1.35	3.14121	-0.000386638
1.36	3.1412	-0.000390525
1.37	3.1412	-0.000394451
1.38	3.1412	-0.000398416
1.39	3.14119	-0.000402422
1.4	3.14119	-0.000406467
1.41	3.14118	-0.000410554
1.42	3.14118	-0.000414681
1.43	3.14118	-0.00041885
1.44	3.14117	-0.00042306
1.45	3.14117	-0.000427313
1.46	3.14116	-0.000431609
1.47	3.14116	-0.000435948
1.48	3.14115	-0.000440331
1.49	3.14115	-0.000444757
1.5	3.14115	-0.000449228
1.51	3.14114	-0.000453744
1.52	3.14114	-0.000458305
1.53	3.14113	-0.000462912
1.54	3.14113	-0.000467566
1.55	3.14112	-0.000472266
1.56	3.14112	-0.000477013
1.57	3.14111	-0.000481808
1.58	3.14111	-0.000486652
1.59	3.1411	-0.000491544
1.6	3.1411	-0.000496485
1.61	3.14109	-0.000501475
1.62	3.14109	-0.000506516
1.63	3.14108	-0.000511608
1.64	3.14108	-0.000516751
1.65	3.14107	-0.000521945
1.66	3.14107	-0.000527192
1.67	3.14106	-0.000532491
1.68	3.14106	-0.000537843
1.69	3.14105	-0.00054325
1.7	3.14105	-0.00054871
1.71	3.14104	-0.000554226
1.72	3.14104	-0.000559797
1.73	3.14103	-0.000565424
1.74	3.14102	-0.000571107
1.75	3.14102	-0.000576848
1.76	3.14101	-0.000582646
1.77	3.14101	-0.000588503
1.78	3.141	-0.000594418
1.79	3.141	-0.000600393
1.8	3.14099	-0.000606428
1.81	3.14098	-0.000612523
1.82	3.14098	-0.00061868
1.83	3.14097	-0.000624898
1.84	3.14096	-0.00063118
1.85	3.14096	-0.000637524
1.86	3.14095	-0.000643932
1.87	3.14095	-0.000650404
1.88	3.14094	-0.000656942
1.89	3.14093	-0.000663545
1.9	3.14093	-0.000670214
1.91	3.14092	-0.000676951
1.92	3.14091	-0.000683755
1.93	3.14091	-0.000690627
1.94	3.1409	-0.000697569
1.95	3.14089	-0.00070458
1.96	3.14088	-0.000711662
1.97	3.14088	-0.000718815
1.98	3.14087	-0.00072604
1.99	3.14086	-0.000733337
2	3.14086	-0.000740708
2.01	3.14085	-0.000748153
2.02	3.14084	-0.000755673
2.03	3.14083	-0.000763268
2.04	3.14083	-0.00077094
2.05	3.14082	-0.000778688
2.06	3.14081	-0.000786515
2.07	3.1408	-0.00079442
2.08	3.14079	-0.000802405
2.09	3.14079	-0.00081047
2.1	3.14078	-0.000818616
2.11	3.14077	-0.000826843
2.12	3.14076	-0.000835154
2.13	3.14075	-0.000843548
2.14	3.14074	-0.000852026
2.15	3.14074	-0.00086059
2.16	3.14073	-0.000869239
2.17	3.14072	-0.000877976
2.18	3.14071	-0.0008868
2.19	3.1407	-0.000895713
2.2	3.14069	-0.000904716
2.21	3.14068	-0.000913809
2.22	3.14067	-0.000922993
2.23	3.14066	-0.00093227
2.24	3.14066	-0.00094164
2.25	3.14065	-0.000951104
2.26	3.14064	-0.000960664
2.27	3.14063	-0.000970319
2.28	3.14062	-0.000980071
2.29	3.14061	-0.000989922
2.3	3.1406	-0.000999871
2.31	3.14059	-0.00100992
2.32	3.14058	-0.00102007
2.33	3.14057	-0.00103032
2.34	3.14056	-0.00104068
2.35	3.14055	-0.00105114
2.36	3.14054	-0.0010617
2.37	3.14053	-0.00107237
2.38	3.14051	-0.00108315
2.39	3.1405	-0.00109404
2.4	3.14049	-0.00110503
2.41	3.14048	-0.00111614
2.42	3.14047	-0.00112736
2.43	3.14046	-0.00113869
2.44	3.14045	-0.00115013
2.45	3.14044	-0.00116169
2.46	3.14043	-0.00117337
2.47	3.14041	-0.00118516
2.48	3.1404	-0.00119707
2.49	3.14039	-0.0012091
2.5	3.14038	-0.00122125
2.51	3.14037	-0.00123353
2.52	3.14035	-0.00124593
2.53	3.14034	-0.00125845
2.54	3.14033	-0.0012711
2.55	3.14032	-0.00128387
2.56	3.1403	-0.00129677
2.57	3.14029	-0.00130981
2.58	3.14028	-0.00132297
2.59	3.14026	-0.00133627
2.6	3.14025	-0.0013497
2.61	3.14024	-0.00136326
2.62	3.14022	-0.00137696
2.63	3.14021	-0.0013908
2.64	3.14019	-0.00140478
2.65	3.14018	-0.0014189
2.66	3.14017	-0.00143316
2.67	3.14015	-0.00144756
2.68	3.14014	-0.00146211
2.69	3.14012	-0.00147681
2.7	3.14011	-0.00149165
2.71	3.14009	-0.00150664
2.72	3.14008	-0.00152178
2.73	3.14006	-0.00153708
2.74	3.14005	-0.00155253
2.75	3.14003	-0.00156813
2.76	3.14002	-0.00158389
2.77	3.14	-0.00159981
2.78	3.13998	-0.00161589
2.79	3.13997	-0.00163213
2.8	3.13995	-0.00164853
2.81	3.13994	-0.0016651
2.82	3.13992	-0.00168183
2.83	3.1399	-0.00169874
2.84	3.13989	-0.00171581
2.85	3.13987	-0.00173305
2.86	3.13985	-0.00175047
2.87	3.13983	-0.00176806
2.88	3.13982	-0.00178583
2.89	3.1398	-0.00180378
2.9	3.13978	-0.00182191
2.91	3.13976	-0.00184022
2.92	3.13974	-0.00185872
2.93	3.13972	-0.0018774
2.94	3.13971	-0.00189626
2.95	3.13969	-0.00191532
2.96	3.13967	-0.00193457
2.97	3.13965	-0.00195402
2.98	3.13963	-0.00197365
2.99	3.13961	-0.00199349
3	3.13959	-0.00201352
3.01	3.13957	-0.00203376
3.02	3.13955	-0.0020542
3.03	3.13953	-0.00207485
3.04	3.13951	-0.0020957
3.05	3.13949	-0.00211676
3.06	3.13947	-0.00213803
3.07	3.13944	-0.00215952
3.08	3.13942	-0.00218123
3.09	3.1394	-0.00220315
3.1	3.13938	-0.00222529
3.11	3.13936	-0.00224765
3.12	3.13933	-0.00227024
3.13	3.13931	-0.00229306
3.14	3.13929	-0.00231611
3.15	3.13926	-0.00233938
3.16	3.13924	-0.00236289
3.17	3.13922	-0.00238664
3.18	3.13919	-0.00241063
3.19	3.13917	-0.00243486
3.2	3.13915	-0.00245933
3.21	3.13912	-0.00248404
3.22	3.1391	-0.00250901
3.23	3.13907	-0.00253422
3.24	3.13905	-0.00255969
3.25	3.13902	-0.00258542
3.26	3.13899	-0.0026114
3.27	3.13897	-0.00263765
3.28	3.13894	-0.00266416
3.29	3.13892	-0.00269093
3.3	3.13889	-0.00271798
3.31	3.13886	-0.00274529
3.32	3.13883	-0.00277288
3.33	3.13881	-0.00280075
3.34	3.13878	-0.0028289
3.35	3.13875	-0.00285733
3.36	3.13872	-0.00288605
3.37	3.13869	-0.00291505
3.38	3.13866	-0.00294435
3.39	3.13863	-0.00297394
3.4	3.1386	-0.00300383
3.41	3.13857	-0.00303402
3.42	3.13854	-0.00306451
3.43	3.13851	-0.00309531
3.44	3.13848	-0.00312642
3.45	3.13845	-0.00315784
3.46	3.13842	-0.00318958
3.47	3.13839	-0.00322163
3.48	3.13835	-0.00325401
3.49	3.13832	-0.00328671
3.5	3.13829	-0.00331975
3.51	3.13826	-0.00335311
3.52	3.13822	-0.00338681
3.53	3.13819	-0.00342085
3.54	3.13815	-0.00345523
3.55	3.13812	-0.00348995
3.56	3.13809	-0.00352503
3.57	3.13805	-0.00356045
3.58	3.13801	-0.00359624
3.59	3.13798	-0.00363238
3.6	3.13794	-0.00366889
3.61	3.13791	-0.00370576
3.62	3.13787	-0.003743
3.63	3.13783	-0.00378062
3.64	3.13779	-0.00381861
3.65	3.13775	-0.00385699
3.66	3.13772	-0.00389576
3.67	3.13768	-0.00393491
3.68	3.13764	-0.00397445
3.69	3.1376	-0.0040144
3.7	3.13756	-0.00405474
3.71	3.13752	-0.00409549
3.72	3.13748	-0.00413666
3.73	3.13744	-0.00417823
3.74	3.13739	-0.00422022
3.75	3.13735	-0.00426263
3.76	3.13731	-0.00430547
3.77	3.13727	-0.00434875
3.78	3.13722	-0.00439245
3.79	3.13718	-0.0044366
3.8	3.13713	-0.00448118
3.81	3.13709	-0.00452622
3.82	3.13704	-0.00457171
3.83	3.137	-0.00461766
3.84	3.13695	-0.00466406
3.85	3.13691	-0.00471094
3.86	3.13686	-0.00475828
3.87	3.13681	-0.0048061
3.88	3.13676	-0.00485441
3.89	3.13671	-0.00490319
3.9	3.13666	-0.00495247
3.91	3.13662	-0.00500224
3.92	3.13657	-0.00505252
3.93	3.13651	-0.0051033
3.94	3.13646	-0.00515458
3.95	3.13641	-0.00520639
3.96	3.13636	-0.00525871
3.97	3.13631	-0.00531156
3.98	3.13625	-0.00536495
3.99	3.1362	-0.00541886
4	3.13615	-0.00547332
4.01	3.13609	-0.00552833
4.02	3.13604	-0.00558389
4.03	3.13598	-0.00564001
4.04	3.13592	-0.00569669
4.05	3.13587	-0.00575395
4.06	3.13581	-0.00581177
4.07	3.13575	-0.00587018
4.08	3.13569	-0.00592918
4.09	3.13563	-0.00598877
4.1	3.13557	-0.00604895
4.11	3.13551	-0.00610975
4.12	3.13545	-0.00617115
4.13	3.13539	-0.00623317
4.14	3.13533	-0.00629582
4.15	3.13527	-0.00635909
4.16	3.1352	-0.006423
4.17	3.13514	-0.00648755
4.18	3.13507	-0.00655275
4.19	3.13501	-0.00661861
4.2	3.13494	-0.00668512
4.21	3.13487	-0.00675231
4.22	3.13481	-0.00682017
4.23	3.13474	-0.00688871
4.24	3.13467	-0.00695795
4.25	3.1346	-0.00702787
4.26	3.13453	-0.0070985
4.27	3.13446	-0.00716984
4.28	3.13439	-0.0072419
4.29	3.13431	-0.00731468
4.3	3.13424	-0.0073882
4.31	3.13417	-0.00746245
4.32	3.13409	-0.00753745
4.33	3.13402	-0.0076132
4.34	3.13394	-0.00768971
4.35	3.13386	-0.00776699
4.36	3.13379	-0.00784505
4.37	3.13371	-0.0079239
4.38	3.13363	-0.00800353
4.39	3.13355	-0.00808397
4.4	3.13347	-0.00816521
4.41	3.13339	-0.00824727
4.42	3.1333	-0.00833016
4.43	3.13322	-0.00841388
4.44	3.13314	-0.00849844
4.45	3.13305	-0.00858385
4.46	3.13297	-0.00867011
4.47	3.13288	-0.00875725
4.48	3.13279	-0.00884526
4.49	3.1327	-0.00893415
4.5	3.13261	-0.00902394
4.51	3.13252	-0.00911463
4.52	3.13243	-0.00920624
4.53	3.13234	-0.00929876
4.54	3.13225	-0.00939221
4.55	3.13215	-0.0094866
4.56	3.13206	-0.00958194
4.57	3.13196	-0.00967824
4.58	3.13187	-0.00977551
4.59	3.13177	-0.00987375
4.6	3.13167	-0.00997298
4.61	3.13157	-0.0100732
4.62	3.13147	-0.0101744
4.63	3.13137	-0.0102767
4.64	3.13126	-0.01038
4.65	3.13116	-0.0104843
4.66	3.13106	-0.0105897
4.67	3.13095	-0.0106961
4.68	3.13084	-0.0108036
4.69	3.13073	-0.0109122
4.7	3.13063	-0.0110218
4.71	3.13052	-0.0111326
4.72	3.1304	-0.0112445
4.73	3.13029	-0.0113575
4.74	3.13018	-0.0114716
4.75	3.13006	-0.0115869
4.76	3.12995	-0.0117034
4.77	3.12983	-0.011821
4.78	3.12971	-0.0119398
4.79	3.12959	-0.0120598
4.8	3.12947	-0.012181
4.81	3.12935	-0.0123034
4.82	3.12923	-0.0124271
4.83	3.1291	-0.0125519
4.84	3.12898	-0.0126781
4.85	3.12885	-0.0128055
4.86	3.12872	-0.0129342
4.87	3.12859	-0.0130642
4.88	3.12846	-0.0131955
4.89	3.12833	-0.0133281
4.9	3.1282	-0.013462
4.91	3.12806	-0.0135973
4.92	3.12793	-0.013734
4.93	3.12779	-0.013872
4.94	3.12765	-0.0140114
4.95	3.12751	-0.0141522
4.96	3.12737	-0.0142945
4.97	3.12723	-0.0144381
4.98	3.12708	-0.0145832
4.99	3.12694	-0.0147298
5	3.12679	-0.0148778
5.01	3.12664	-0.0150273
5.02	3.12649	-0.0151784
5.03	3.12634	-0.0153309
5.04	3.12618	-0.015485
5.05	3.12603	-0.0156406
5.06	3.12587	-0.0157978
5.07	3.12572	-0.0159565
5.08	3.12556	-0.0161169
5.09	3.12539	-0.0162789
5.1	3.12523	-0.0164425
5.11	3.12507	-0.0166077
5.12	3.1249	-0.0167746
5.13	3.12473	-0.0169432
5.14	3.12456	-0.0171135
5.15	3.12439	-0.0172855
5.16	3.12422	-0.0174592
5.17	3.12405	-0.0176346
5.18	3.12387	-0.0178119
5.19	3.12369	-0.0179909
5.2	3.12351	-0.0181717
5.21	3.12333	-0.0183543
5.22	3.12315	-0.0185387
5.23	3.12296	-0.018725
5.24	3.12277	-0.0189132
5.25	3.12258	-0.0191033
5.26	3.12239	-0.0192953
5.27	3.1222	-0.0194892
5.28	3.12201	-0.019685
5.29	3.12181	-0.0198829
5.3	3.12161	-0.0200827
5.31	3.12141	-0.0202845
5.32	3.12121	-0.0204884
5.33	3.121	-0.0206943
5.34	3.12079	-0.0209022
5.35	3.12059	-0.0211123
5.36	3.12037	-0.0213245
5.37	3.12016	-0.0215388
5.38	3.11995	-0.0217552
5.39	3.11973	-0.0219738
5.4	3.11951	-0.0221947
5.41	3.11929	-0.0224177
5.42	3.11906	-0.022643
5.43	3.11884	-0.0228706
5.44	3.11861	-0.0231004
5.45	3.11838	-0.0233325
5.46	3.11814	-0.023567
5.47	3.11791	-0.0238038
5.48	3.11767	-0.0240431
5.49	3.11743	-0.0242847
5.5	3.11719	-0.0245287
5.51	3.11694	-0.0247752
5.52	3.11669	-0.0250242
5.53	3.11644	-0.0252757
5.54	3.11619	-0.0255297
5.55	3.11593	-0.0257862
5.56	3.11568	-0.0260454
5.57	3.11542	-0.0263071
5.58	3.11515	-0.0265715
5.59	3.11489	-0.0268385
5.6	3.11462	-0.0271082
5.61	3.11435	-0.0273806
5.62	3.11407	-0.0276558
5.63	3.1138	-0.0279337
5.64	3.11352	-0.0282144
5.65	3.11324	-0.0284979
5.66	3.11295	-0.0287843
5.67	3.11266	-0.0290736
5.68	3.11237	-0.0293657
5.69	3.11208	-0.0296608
5.7	3.11178	-0.0299589
5.71	3.11148	-0.0302599
5.72	3.11118	-0.030564
5.73	3.11087	-0.0308711
5.74	3.11057	-0.0311814
5.75	3.11025	-0.0314947
5.76	3.10994	-0.0318112
5.77	3.10962	-0.0321309
5.78	3.1093	-0.0324537
5.79	3.10897	-0.0327799
5.8	3.10865	-0.0331093
5.81	3.10832	-0.033442
5.82	3.10798	-0.033778
5.83	3.10764	-0.0341174
5.84	3.1073	-0.0344603
5.85	3.10696	-0.0348065
5.86	3.10661	-0.0351563
5.87	3.10626	-0.0355096
5.88	3.1059	-0.0358664
5.89	3.10554	-0.0362268
5.9	3.10518	-0.0365908
5.91	3.10482	-0.0369585
5.92	3.10445	-0.0373299
5.93	3.10407	-0.037705
5.94	3.1037	-0.0380838
5.95	3.10332	-0.0384665
5.96	3.10293	-0.038853
5.97	3.10254	-0.0392434
5.98	3.10215	-0.0396378
5.99	3.10175	-0.0400361
6	3.10135	-0.0404383
6.01	3.10095	-0.0408447
6.02	3.10054	-0.0412551
6.03	3.10013	-0.0416696
6.04	3.09971	-0.0420883
6.05	3.09929	-0.0425112
6.06	3.09887	-0.0429383
6.07	3.09844	-0.0433698
6.08	3.098	-0.0438055
6.09	3.09756	-0.0442457
6.1	3.09712	-0.0446902
6.11	3.09667	-0.0451393
6.12	3.09622	-0.0455928
6.13	3.09577	-0.0460509
6.14	3.09531	-0.0465136
6.15	3.09484	-0.0469809
6.16	3.09437	-0.047453
6.17	3.0939	-0.0479297
6.18	3.09342	-0.0484113
6.19	3.09293	-0.0488977
6.2	3.09244	-0.049389
6.21	3.09195	-0.0498852
6.22	3.09145	-0.0503864
6.23	3.09095	-0.0508926
6.24	3.09044	-0.0514039
6.25	3.08993	-0.0519204
6.26	3.08941	-0.052442
6.27	3.08888	-0.0529688
6.28	3.08835	-0.053501
6.29	3.08782	-0.0540385
6.3	3.08728	-0.0545814
6.31	3.08673	-0.0551297
6.32	3.08618	-0.0556836
6.33	3.08562	-0.056243
6.34	3.08506	-0.056808
6.35	3.08449	-0.0573787
6.36	3.08392	-0.0579551
6.37	3.08334	-0.0585373
6.38	3.08275	-0.0591254
6.39	3.08216	-0.0597193
6.4	3.08157	-0.0603193
6.41	3.08096	-0.0609252
6.42	3.08035	-0.0615372
6.43	3.07974	-0.0621554
6.44	3.07912	-0.0627797
6.45	3.07849	-0.0634104
6.46	3.07785	-0.0640473
6.47	3.07721	-0.0646907
6.48	3.07657	-0.0653405
6.49	3.07591	-0.0659968
6.5	3.07525	-0.0666597
6.51	3.07459	-0.0673293
6.52	3.07391	-0.0680055
6.53	3.07323	-0.0686886
6.54	3.07255	-0.0693785
6.55	3.07185	-0.0700754
6.56	3.07115	-0.0707792
6.57	3.07044	-0.0714901
6.58	3.06973	-0.0722081
6.59	3.06901	-0.0729333
6.6	3.06828	-0.0736658
6.61	3.06754	-0.0744056
6.62	3.0668	-0.0751529
6.63	3.06605	-0.0759077
6.64	3.06529	-0.07667
6.65	3.06452	-0.07744
6.66	3.06375	-0.0782176
6.67	3.06296	-0.0790031
6.68	3.06217	-0.0797965
6.69	3.06138	-0.0805978
6.7	3.06057	-0.0814072
6.71	3.05975	-0.0822246
6.72	3.05893	-0.0830503
6.73	3.0581	-0.0838842
6.74	3.05726	-0.0847265
6.75	3.05642	-0.0855772
6.76	3.05556	-0.0864365
6.77	3.0547	-0.0873044
6.78	3.05382	-0.0881809
6.79	3.05294	-0.0890663
6.8	3.05205	-0.0899605
6.81	3.05115	-0.0908637
6.82	3.05024	-0.091776
6.83	3.04932	-0.0926973
6.84	3.0484	-0.0936279
6.85	3.04746	-0.0945679
6.86	3.04652	-0.0955172
6.87	3.04556	-0.096476
6.88	3.0446	-0.0974445
6.89	3.04362	-0.0984226
6.9	3.04264	-0.0994106
6.91	3.04164	-0.100408
6.92	3.04064	-0.101416
6.93	3.03962	-0.102434
6.94	3.0386	-0.103462
6.95	3.03757	-0.104501
6.96	3.03652	-0.105549
6.97	3.03547	-0.106609
6.98	3.0344	-0.107679
6.99	3.03332	-0.108759
7	3.03223	-0.109851
7.01	3.03114	-0.110953
7.02	3.03003	-0.112066
7.03	3.02891	-0.113191
7.04	3.02777	-0.114326
7.05	3.02663	-0.115474
7.06	3.02548	-0.116632
7.07	3.02431	-0.117802
7.08	3.02313	-0.118984
7.09	3.02194	-0.120178
7.1	3.02074	-0.121383
7.11	3.01953	-0.122601
7.12	3.0183	-0.123831
7.13	3.01706	-0.125073
7.14	3.01581	-0.126327
7.15	3.01455	-0.127594
7.16	3.01327	-0.128874
7.17	3.01198	-0.130167
7.18	3.01068	-0.131472
7.19	3.00937	-0.13279
7.2	3.00804	-0.134122
7.21	3.0067	-0.135467
7.22	3.00534	-0.136825
7.23	3.00397	-0.138197
7.24	3.00259	-0.139582
7.25	3.0012	-0.140982
7.26	2.99979	-0.142395
7.27	2.99836	-0.143823
7.28	2.99692	-0.145264
7.29	2.99547	-0.14672
7.3	2.99401	-0.148191
7.31	2.99252	-0.149676
7.32	2.99103	-0.151176
7.33	2.98951	-0.152691
7.34	2.98799	-0.154221
7.35	2.98645	-0.155766
7.36	2.98489	-0.157327
7.37	2.98331	-0.158903
7.38	2.98173	-0.160495
7.39	2.98012	-0.162102
7.4	2.9785	-0.163726
7.41	2.97686	-0.165366
7.42	2.97521	-0.167022
7.43	2.97354	-0.168695
7.44	2.97185	-0.170384
7.45	2.97015	-0.17209
7.46	2.96843	-0.173813
7.47	2.96669	-0.175553
7.48	2.96493	-0.177311
7.49	2.96316	-0.179086
7.5	2.96137	-0.180878
7.51	2.95956	-0.182688
7.52	2.95773	-0.184517
7.53	2.95589	-0.186363
7.54	2.95402	-0.188228
7.55	2.95214	-0.190111
7.56	2.95024	-0.192013
7.57	2.94832	-0.193933
7.58	2.94638	-0.195873
7.59	2.94442	-0.197832
7.6	2.94244	-0.19981
7.61	2.94045	-0.201808
7.62	2.93843	-0.203826
7.63	2.93639	-0.205864
7.64	2.93433	-0.207922
7.65	2.93225	-0.21
7.66	2.93015	-0.212098
7.67	2.92803	-0.214218
7.68	2.92589	-0.216358
7.69	2.92373	-0.21852
7.7	2.92154	-0.220702
7.71	2.91933	-0.222907
7.72	2.9171	-0.225133
7.73	2.91485	-0.227381
7.74	2.91258	-0.229651
7.75	2.91028	-0.231944
7.76	2.90796	-0.234259
7.77	2.90562	-0.236597
7.78	2.90325	-0.238957
7.79	2.90087	-0.241341
7.8	2.89845	-0.243749
7.81	2.89601	-0.24618
7.82	2.89355	-0.248635
7.83	2.89107	-0.251114
7.84	2.88856	-0.253618
7.85	2.88602	-0.256146
7.86	2.88346	-0.258699
7.87	2.88087	-0.261276
7.88	2.87826	-0.263879
7.89	2.87562	-0.266508
7.9	2.87295	-0.269162
7.91	2.87026	-0.271842
7.92	2.86754	-0.274549
7.93	2.8648	-0.277281
7.94	2.86203	-0.280041
7.95	2.85923	-0.282827
7.96	2.8564	-0.28564
7.97	2.85354	-0.288481
7.98	2.85066	-0.29135
7.99	2.84774	-0.294246
8	2.8448	-0.297171
8.01	2.84183	-0.300124
8.02	2.83883	-0.303105
8.03	2.8358	-0.306116
8.04	2.83273	-0.309156
8.05	2.82964	-0.312225
8.06	2.82652	-0.315324
8.07	2.82337	-0.318452
8.08	2.82018	-0.321611
8.09	2.81697	-0.324801
8.1	2.81372	-0.328021
8.11	2.81044	-0.331273
8.12	2.80713	-0.334555
8.13	2.80378	-0.337869
8.14	2.8004	-0.341216
8.15	2.79699	-0.344594
8.16	2.79354	-0.348004
8.17	2.79006	-0.351448
8.18	2.78655	-0.354924
8.19	2.783	-0.358434
8.2	2.77942	-0.361977
8.21	2.7758	-0.365554
8.22	2.77214	-0.369165
8.23	2.76845	-0.37281
8.24	2.76472	-0.37649
8.25	2.76096	-0.380205
8.26	2.75715	-0.383956
8.27	2.75331	-0.387742
8.28	2.74944	-0.391564
8.29	2.74552	-0.395422
8.3	2.74157	-0.399316
8.31	2.73757	-0.403247
8.32	2.73354	-0.407215
8.33	2.72947	-0.411221
8.34	2.72536	-0.415264
8.35	2.7212	-0.419345
8.36	2.71701	-0.423465
8.37	2.71278	-0.427623
8.38	2.7085	-0.431819
8.39	2.70418	-0.436055
8.4	2.69982	-0.440331
8.41	2.69542	-0.444646
8.42	2.69097	-0.449001
8.43	2.68648	-0.453397
8.44	2.68195	-0.457833
8.45	2.67737	-0.462311
8.46	2.67275	-0.466829
8.47	2.66808	-0.471389
8.48	2.66336	-0.475991
8.49	2.6586	-0.480636
8.5	2.6538	-0.485322
8.51	2.64894	-0.490052
8.52	2.64404	-0.494825
8.53	2.6391	-0.499641
8.54	2.6341	-0.504501
8.55	2.62905	-0.509405
8.56	2.62396	-0.514353
8.57	2.61882	-0.519346
8.58	2.61362	-0.524384
8.59	2.60838	-0.529467
8.6	2.60308	-0.534595
8.61	2.59774	-0.53977
8.62	2.59234	-0.54499
8.63	2.58689	-0.550257
8.64	2.58139	-0.555571
8.65	2.57583	-0.560931
8.66	2.57022	-0.566339
8.67	2.56456	-0.571794
8.68	2.55884	-0.577298
8.69	2.55307	-0.582849
8.7	2.54724	-0.588449
8.71	2.54136	-0.594097
8.72	2.53541	-0.599794
8.73	2.52942	-0.605541
8.74	2.52336	-0.611337
8.75	2.51725	-0.617183
8.76	2.51108	-0.623078
8.77	2.50485	-0.629024
8.78	2.49856	-0.63502
8.79	2.49221	-0.641067
8.8	2.48579	-0.647165
8.81	2.47932	-0.653314
8.82	2.47279	-0.659515
8.83	2.46619	-0.665767
8.84	2.45954	-0.672071
8.85	2.45282	-0.678427
8.86	2.44603	-0.684835
8.87	2.43918	-0.691295
8.88	2.43227	-0.697809
8.89	2.42529	-0.704375
8.9	2.41825	-0.710994
8.91	2.41114	-0.717666
8.92	2.40396	-0.724391
8.93	2.39672	-0.73117
8.94	2.38941	-0.738002
8.95	2.38203	-0.744888
8.96	2.37458	-0.751828
8.97	2.36706	-0.758822
8.98	2.35947	-0.76587
8.99	2.35181	-0.772972
9	2.34408	-0.780128
9.01	2.33628	-0.787338
9.02	2.32841	-0.794603
9.03	2.32046	-0.801922
9.04	2.31244	-0.809296
9.05	2.30435	-0.816724
9.06	2.29618	-0.824206
9.07	2.28794	-0.831743
9.08	2.27962	-0.839334
9.09	2.27123	-0.84698
9.1	2.26276	-0.85468
9.11	2.25421	-0.862434
9.12	2.24559	-0.870243
9.13	2.23689	-0.878105
9.14	2.22811	-0.886021
9.15	2.21925	-0.893992
9.16	2.21031	-0.902016
9.17	2.20129	-0.910093
9.18	2.19218	-0.918224
9.19	2.183	-0.926407
9.2	2.17374	-0.934644
9.21	2.16439	-0.942934
9.22	2.15496	-0.951275
9.23	2.14545	-0.959669
9.24	2.13585	-0.968115
9.25	2.12617	-0.976612
9.26	2.11641	-0.98516
9.27	2.10655	-0.993759
9.28	2.09662	-1.00241
9.29	2.08659	-1.01111
9.3	2.07648	-1.01986
9.31	2.06628	-1.02865
9.32	2.056	-1.0375
9.33	2.04562	-1.04639
9.34	2.03516	-1.05533
9.35	2.0246	-1.06432
9.36	2.01396	-1.07336
9.37	2.00323	-1.08243
9.38	1.9924	-1.09156
9.39	1.98149	-1.10073
9.4	1.97048	-1.10994
9.41	1.95938	-1.11919
9.42	1.94819	-1.12849
9.43	1.9369	-1.13783
9.44	1.92553	-1.1472
9.45	1.91405	-1.15662
9.46	1.90249	-1.16608
9.47	1.89083	-1.17557
9.48	1.87907	-1.1851
9.49	1.86722	-1.19466
9.5	1.85527	-1.20426
9.51	1.84323	-1.21389
9.52	1.83109	-1.22355
9.53	1.81886	-1.23325
9.54	1.80652	-1.24297
9.55	1.79409	-1.25272
9.56	1.78157	-1.2625
9.57	1.76894	-1.27231
9.58	1.75622	-1.28213
9.59	1.7434	-1.29199
9.6	1.73048	-1.30186
9.61	1.71746	-1.31175
9.62	1.70434	-1.32166
9.63	1.69112	-1.33159
9.64	1.67781	-1.34153
9.65	1.66439	-1.35149
9.66	1.65088	-1.36146
9.67	1.63726	-1.37143
9.68	1.62355	-1.38142
9.69	1.60974	-1.39141
9.7	1.59582	-1.40141
9.71	1.58181	-1.41141
9.72	1.56769	-1.42141
9.73	1.55348	-1.43141
9.74	1.53916	-1.4414
9.75	1.52475	-1.45139
9.76	1.51024	-1.46137
9.77	1.49562	-1.47135
9.78	1.48091	-1.48131
9.79	1.4661	-1.49125
9.8	1.45118	-1.50118
9.81	1.43617	-1.51109
9.82	1.42106	-1.52098
9.83	1.40585	-1.53084
9.84	1.39054	-1.54068
9.85	1.37514	-1.55049
9.86	1.35963	-1.56027
9.87	1.34403	-1.57001
9.88	1.32833	-1.57972
9.89	1.31253	-1.58939
9.9	1.29664	-1.59901
9.91	1.28065	-1.60859
9.92	1.26456	-1.61813
9.93	1.24838	-1.62761
9.94	1.2321	-1.63705
9.95	1.21573	-1.64642
9.96	1.19927	-1.65574
9.97	1.18271	-1.665
9.98	1.16606	-1.67419
9.99	1.14932	-1.68331
10	1.13249	-1.69237
10.01	1.11556	-1.70135
10.02	1.09855	-1.71025
10.03	1.08145	-1.71908
10.04	1.06426	-1.72783
10.05	1.04698	-1.73648
10.06	1.02961	-1.74506
10.07	1.01216	-1.75354
10.08	0.994628	-1.76192
10.09	0.977009	-1.77021
10.1	0.959307	-1.7784
10.11	0.941523	-1.78648
10.12	0.923658	-1.79446
10.13	0.905713	-1.80233
10.14	0.88769	-1.81008
10.15	0.869589	-1.81773
10.16	0.851412	-1.82525
10.17	0.833159	-1.83265
10.18	0.814833	-1.83992
10.19	0.796434	-1.84707
10.2	0.777963	-1.85409
10.21	0.759422	-1.86098
10.22	0.740812	-1.86772
10.23	0.722135	-1.87433
10.24	0.703392	-1.8808
10.25	0.684584	-1.88713
10.26	0.665712	-1.8933
10.27	0.646779	-1.89933
10.28	0.627786	-1.9052
10.29	0.608734	-1.91092
10.3	0.589625	-1.91648
10.31	0.57046	-1.92188
10.32	0.551241	-1.92712
10.33	0.53197	-1.93219
10.34	0.512648	-1.9371
10.35	0.493277	-1.94183
10.36	0.473859	-1.94639
10.37	0.454395	-1.95078
10.38	0.434887	-1.955
10.39	0.415337	-1.95903
10.4	0.395747	-1.96289
10.41	0.376118	-1.96656
10.42	0.356452	-1.97005
10.43	0.336752	-1.97335
10.44	0.317018	-1.97647
10.45	0.297254	-1.9794
10.46	0.27746	-1.98214
10.47	0.257638	-1.98469
10.48	0.237791	-1.98704
10.49	0.217921	-1.9892
10.5	0.198029	-1.99117
10.51	0.178117	-1.99294
10.52	0.158188	-1.99452
10.53	0.138242	-1.9959
10.54	0.118283	-1.99708
10.55	0.0983127	-1.99806
10.56	0.0783321	-1.99884
10.57	0.0583437	-1.99942
10.58	0.0383495	-1.99981
10.59	0.0183514	-1.99999
10.6	-0.00164849	-1.99997
10.61	-0.0216482	-1.99976
10.62	-0.0416458	-1.99934
10.63	-0.0616392	-1.99873
10.64	-0.0816265	-1.99791
10.65	-0.101606	-1.9969
10.66	-0.121575	-1.99568
10.67	-0.141531	-1.99427
10.68	-0.161474	-1.99266
10.69	-0.181401	-1.99086
10.7	-0.201309	-1.98886
10.71	-0.221198	-1.98667
10.72	-0.241065	-1.98428
10.73	-0.260907	-1.9817
10.74	-0.280724	-1.97893
10.75	-0.300514	-1.97597
10.76	-0.320273	-1.97282
10.77	-0.340002	-1.96949
10.78	-0.359697	-1.96597
10.79	-0.379356	-1.96226
10.8	-0.398979	-1.95838
10.81	-0.418563	-1.95431
10.82	-0.438106	-1.95007
10.83	-0.457606	-1.94565
10.84	-0.477063	-1.94106
10.85	-0.496474	-1.9363
10.86	-0.515837	-1.93137
10.87	-0.53515	-1.92627
10.88	-0.554413	-1.921
10.89	-0.573623	-1.91558
10.9	-0.592779	-1.90999
10.91	-0.611879	-1.90424
10.92	-0.630921	-1.89835
10.93	-0.649905	-1.89229
10.94	-0.668827	-1.88609
10.95	-0.687688	-1.87975
10.96	-0.706486	-1.87325
10.97	-0.725218	-1.86662
10.98	-0.743885	-1.85985
10.99	-0.762483	-1.85294
11	-0.781013	-1.8459
11.01	-0.799472	-1.83873
11.02	-0.817859	-1.83144
11.03	-0.836173	-1.82402
11.04	-0.854413	-1.81647
11.05	-0.872578	-1.80881
11.06	-0.890666	-1.80104
11.07	-0.908677	-1.79315
11.08	-0.926608	-1.78516
11.09	-0.94446	-1.77705
11.1	-0.96223	-1.76885
11.11	-0.979919	-1.76055
11.12	-0.997524	-1.75214
11.13	-1.01505	-1.74365
11.14	-1.03248	-1.73506
11.15	-1.04983	-1.72639
11.16	-1.0671	-1.71763
11.17	-1.08427	-1.70879
11.18	-1.10136	-1.69987
11.19	-1.11836	-1.69088
11.2	-1.13527	-1.68181
11.21	-1.15209	-1.67268
11.22	-1.16881	-1.66347
11.23	-1.18545	-1.65421
11.24	-1.20199	-1.64488
11.25	-1.21844	-1.63549
11.26	-1.23479	-1.62605
11.27	-1.25105	-1.61656
11.28	-1.26722	-1.60702
11.29	-1.28329	-1.59743
11.3	-1.29926	-1.58779
11.31	-1.31514	-1.57812
11.32	-1.33092	-1.56841
11.33	-1.34661	-1.55866
11.34	-1.36219	-1.54887
11.35	-1.37768	-1.53906
11.36	-1.39307	-1.52922
11.37	-1.40837	-1.51935
11.38	-1.42356	-1.50946
11.39	-1.43865	-1.49954
11.4	-1.45365	-1.48961
11.41	-1.46855	-1.47966
11.42	-1.48334	-1.4697
11.43	-1.49804	-1.45973
11.44	-1.51264	-1.44975
11.45	-1.52713	-1.43976
11.46	-1.54153	-1.42976
11.47	-1.55583	-1.41976
11.48	-1.57003	-1.40976
11.49	-1.58412	-1.39976
11.5	-1.59812	-1.38977
11.51	-1.61202	-1.37977
11.52	-1.62582	-1.36979
11.53	-1.63952	-1.35981
11.54	-1.65311	-1.34985
11.55	-1.66661	-1.33989
11.56	-1.68001	-1.32995
11.57	-1.69331	-1.32003
11.58	-1.70651	-1.31012
11.59	-1.71961	-1.30023
11.6	-1.73261	-1.29036
11.61	-1.74552	-1.28051
11.62	-1.75832	-1.27069
11.63	-1.77103	-1.26089
11.64	-1.78364	-1.25111
11.65	-1.79615	-1.24137
11.66	-1.80856	-1.23165
11.67	-1.82088	-1.22196
11.68	-1.8331	-1.2123
11.69	-1.84522	-1.20267
11.7	-1.85725	-1.19308
11.71	-1.86918	-1.18352
11.72	-1.88101	-1.174
11.73	-1.89275	-1.16451
11.74	-1.9044	-1.15507
11.75	-1.91595	-1.14566
11.76	-1.92741	-1.13629
11.77	-1.93877	-1.12695
11.78	-1.95004	-1.11767
11.79	-1.96122	-1.10842
11.8	-1.9723	-1.09921
11.81	-1.98329	-1.09005
11.82	-1.99419	-1.08093
11.83	-2.005	-1.07186
11.84	-2.01572	-1.06284
11.85	-2.02635	-1.05386
11.86	-2.03689	-1.04492
11.87	-2.04734	-1.03604
11.88	-2.0577	-1.0272
11.89	-2.06797	-1.01841
11.9	-2.07815	-1.00967
11.91	-2.08825	-1.00098
11.92	-2.09826	-0.992338
11.93	-2.10818	-0.983747
11.94	-2.11802	-0.975207
11.95	-2.12777	-0.966719
11.96	-2.13744	-0.958282
11.97	-2.14702	-0.949897
11.98	-2.15652	-0.941563
11.99	-2.16594	-0.933283
12	-2.17527	-0.925055
12.01	-2.18452	-0.91688
12.02	-2.19369	-0.908758
12.03	-2.20278	-0.900689
12.04	-2.21178	-0.892674
12.05	-2.22071	-0.884713
12.06	-2.22956	-0.876805
12.07	-2.23833	-0.868952
12.08	-2.24702	-0.861152
12.09	-2.25563	-0.853407
12.1	-2.26416	-0.845716
12.11	-2.27262	-0.838079
12.12	-2.281	-0.830497
12.13	-2.2893	-0.822969
12.14	-2.29753	-0.815496
12.15	-2.30569	-0.808077
12.16	-2.31377	-0.800712
12.17	-2.32178	-0.793402
12.18	-2.32971	-0.786146
12.19	-2.33757	-0.778945
12.2	-2.34536	-0.771797
12.21	-2.35308	-0.764704
12.22	-2.36073	-0.757665
12.23	-2.3683	-0.75068
12.24	-2.37581	-0.743749
12.25	-2.38325	-0.736872
12.26	-2.39062	-0.730049
12.27	-2.39792	-0.723279
12.28	-2.40515	-0.716562
12.29	-2.41232	-0.709899
12.3	-2.41941	-0.703289
12.31	-2.42645	-0.696731
12.32	-2.43341	-0.690227
12.33	-2.44032	-0.683775
12.34	-2.44715	-0.677375
12.35	-2.45393	-0.671028
12.36	-2.46064	-0.664733
12.37	-2.46729	-0.658489
12.38	-2.47387	-0.652297
12.39	-2.48039	-0.646156
12.4	-2.48686	-0.640067
12.41	-2.49326	-0.634028
12.42	-2.4996	-0.62804
12.43	-2.50588	-0.622103
12.44	-2.5121	-0.616215
12.45	-2.51826	-0.610378
12.46	-2.52436	-0.60459
12.47	-2.53041	-0.598852
12.48	-2.5364	-0.593163
12.49	-2.54233	-0.587522
12.5	-2.54821	-0.581931
12.51	-2.55402	-0.576387
12.52	-2.55979	-0.570892
12.53	-2.5655	-0.565444
12.54	-2.57115	-0.560044
12.55	-2.57675	-0.554691
12.56	-2.5823	-0.549386
12.57	-2.58779	-0.544126
12.58	-2.59323	-0.538913
12.59	-2.59862	-0.533747
12.6	-2.60396	-0.528626
12.61	-2.60925	-0.52355
12.62	-2.61448	-0.51852
12.63	-2.61967	-0.513534
12.64	-2.6248	-0.508593
12.65	-2.62989	-0.503697
12.66	-2.63493	-0.498844
12.67	-2.63991	-0.494035
12.68	-2.64485	-0.489269
12.69	-2.64975	-0.484547
12.7	-2.65459	-0.479867
12.71	-2.65939	-0.47523
12.72	-2.66414	-0.470635
12.73	-2.66885	-0.466081
12.74	-2.67351	-0.46157
12.75	-2.67813	-0.457099
12.76	-2.6827	-0.45267
12.77	-2.68722	-0.448281
12.78	-2.69171	-0.443932
12.79	-2.69615	-0.439623
12.8	-2.70054	-0.435354
12.81	-2.7049	-0.431125
12.82	-2.70921	-0.426935
12.83	-2.71348	-0.422783
12.84	-2.7177	-0.41867
12.85	-2.72189	-0.414595
12.86	-2.72604	-0.410558
12.87	-2.73014	-0.406559
12.88	-2.73421	-0.402597
12.89	-2.73823	-0.398672
12.9	-2.74222	-0.394783
12.91	-2.74617	-0.390931
12.92	-2.75008	-0.387115
12.93	-2.75395	-0.383335
12.94	-2.75778	-0.379591
12.95	-2.76158	-0.375881
12.96	-2.76534	-0.372207
12.97	-2.76906	-0.368567
12.98	-2.77275	-0.364962
12.99	-2.77639	-0.36139
13	-2.78001	-0.357853
13.01	-2.78359	-0.354349
13.02	-2.78713	-0.350878
13.03	-2.79064	-0.34744
13.04	-2.79411	-0.344035
13.05	-2.79755	-0.340662
13.06	-2.80096	-0.337321
13.07	-2.80433	-0.334012
13.08	-2.80767	-0.330734
13.09	-2.81098	-0.327488
13.1	-2.81426	-0.324273
13.11	-2.8175	-0.321089
13.12	-2.82071	-0.317934
13.13	-2.82389	-0.314811
13.14	-2.82704	-0.311717
13.15	-2.83015	-0.308652
13.16	-2.83324	-0.305618
13.17	-2.8363	-0.302612
13.18	-2.83932	-0.299635
13.19	-2.84232	-0.296687
13.2	-2.84529	-0.293767
13.21	-2.84822	-0.290875
13.22	-2.85113	-0.288011
13.23	-2.85401	-0.285175
13.24	-2.85687	-0.282366
13.25	-2.85969	-0.279584
13.26	-2.86248	-0.276829
13.27	-2.86525	-0.274101
13.28	-2.86799	-0.271399
13.29	-2.87071	-0.268723
13.3	-2.8734	-0.266073
13.31	-2.87606	-0.263449
13.32	-2.87869	-0.26085
13.33	-2.8813	-0.258276
13.34	-2.88388	-0.255727
13.35	-2.88644	-0.253203
13.36	-2.88897	-0.250704
13.37	-2.89148	-0.248229
13.38	-2.89396	-0.245778
13.39	-2.89642	-0.24335
13.4	-2.89885	-0.240947
13.41	-2.90126	-0.238567
13.42	-2.90365	-0.23621
13.43	-2.90601	-0.233875
13.44	-2.90835	-0.231564
13.45	-2.91066	-0.229275
13.46	-2.91296	-0.227009
13.47	-2.91523	-0.224764
13.48	-2.91747	-0.222542
13.49	-2.9197	-0.220341
13.5	-2.9219	-0.218162
13.51	-2.92408	-0.216004
13.52	-2.92624	-0.213867
13.53	-2.92838	-0.211751
13.54	-2.9305	-0.209656
13.55	-2.9326	-0.207581
13.56	-2.93467	-0.205526
13.57	-2.93673	-0.203492
13.58	-2.93876	-0.201478
13.59	-2.94078	-0.199483
13.6	-2.94277	-0.197508
13.61	-2.94475	-0.195552
13.62	-2.9467	-0.193616
13.63	-2.94864	-0.191698
13.64	-2.95056	-0.189799
13.65	-2.95245	-0.187919
13.66	-2.95433	-0.186057
13.67	-2.95619	-0.184214
13.68	-2.95804	-0.182389
13.69	-2.95986	-0.180581
13.7	-2.96167	-0.178792
13.71	-2.96345	-0.17702
13.72	-2.96522	-0.175265
13.73	-2.96698	-0.173528
13.74	-2.96871	-0.171808
13.75	-2.97043	-0.170104
13.76	-2.97213	-0.168418
13.77	-2.97382	-0.166748
13.78	-2.97548	-0.165095
13.79	-2.97713	-0.163457
13.8	-2.97877	-0.161836
13.81	-2.98039	-0.160231
13.82	-2.98199	-0.158642
13.83	-2.98358	-0.157068
13.84	-2.98515	-0.15551
13.85	-2.9867	-0.153968
13.86	-2.98824	-0.15244
13.87	-2.98976	-0.150928
13.88	-2.99127	-0.14943
13.89	-2.99277	-0.147947
13.9	-2.99425	-0.146479
13.91	-2.99571	-0.145026
13.92	-2.99716	-0.143586
13.93	-2.9986	-0.142161
13.94	-3.00002	-0.14075
13.95	-3.00143	-0.139353
13.96	-3.00282	-0.13797
13.97	-3.0042	-0.1366
13.98	-3.00557	-0.135244
13.99	-3.00692	-0.133902
14	-3.00826	-0.132572
14.01	-3.00958	-0.131256
14.02	-3.0109	-0.129953
14.03	-3.0122	-0.128662
14.04	-3.01348	-0.127385
14.05	-3.01476	-0.12612
14.06	-3.01602	-0.124867
14.07	-3.01727	-0.123627
14.08	-3.0185	-0.122399
14.09	-3.01973	-0.121184
14.1	-3.02094	-0.11998
14.11	-3.02214	-0.118788
14.12	-3.02333	-0.117609
14.13	-3.0245	-0.11644
14.14	-3.02567	-0.115284
14.15	-3.02682	-0.114138
14.16	-3.02796	-0.113005
14.17	-3.02909	-0.111882
14.18	-3.03021	-0.11077
14.19	-3.03132	-0.10967
14.2	-3.03241	-0.10858
14.21	-3.0335	-0.107502
14.22	-3.03458	-0.106433
14.23	-3.03564	-0.105376
14.24	-3.03669	-0.104329
14.25	-3.03774	-0.103292
14.26	-3.03877	-0.102266
14.27	-3.03979	-0.101249
14.28	-3.0408	-0.100243
14.29	-3.04181	-0.099247
14.3	-3.0428	-0.0982607
14.31	-3.04378	-0.0972842
14.32	-3.04476	-0.0963173
14.33	-3.04572	-0.09536
14.34	-3.04667	-0.0944123
14.35	-3.04762	-0.0934739
14.36	-3.04855	-0.0925448
14.37	-3.04948	-0.0916249
14.38	-3.05039	-0.0907142
14.39	-3.0513	-0.0898125
14.4	-3.0522	-0.0889197
14.41	-3.05309	-0.0880358
14.42	-3.05397	-0.0871607
14.43	-3.05484	-0.0862943
14.44	-3.0557	-0.0854364
14.45	-3.05656	-0.0845871
14.46	-3.0574	-0.0837462
14.47	-3.05824	-0.0829136
14.48	-3.05907	-0.0820893
14.49	-3.05989	-0.0812732
14.5	-3.0607	-0.0804652
14.51	-3.06151	-0.0796652
14.52	-3.0623	-0.0788731
14.53	-3.06309	-0.0780889
14.54	-3.06387	-0.0773125
14.55	-3.06465	-0.0765438
14.56	-3.06541	-0.0757827
14.57	-3.06617	-0.0750292
14.58	-3.06692	-0.0742832
14.59	-3.06766	-0.0735445
14.6	-3.0684	-0.0728133
14.61	-3.06913	-0.0720892
14.62	-3.06985	-0.0713724
14.63	-3.07056	-0.0706627
14.64	-3.07127	-0.06996
14.65	-3.07197	-0.0692643
14.66	-3.07266	-0.0685755
14.67	-3.07335	-0.0678936
14.68	-3.07402	-0.0672184
14.69	-3.0747	-0.06655
14.7	-3.07536	-0.0658881
14.71	-3.07602	-0.0652329
14.72	-3.07667	-0.0645842
14.73	-3.07732	-0.0639419
14.74	-3.07796	-0.063306
14.75	-3.07859	-0.0626764
14.76	-3.07922	-0.062053
14.77	-3.07984	-0.0614359
14.78	-3.08045	-0.0608249
14.79	-3.08106	-0.0602199
14.8	-3.08166	-0.059621
14.81	-3.08226	-0.059028
14.82	-3.08285	-0.058441
14.83	-3.08343	-0.0578597
14.84	-3.08401	-0.0572842
14.85	-3.08459	-0.0567145
14.86	-3.08515	-0.0561504
14.87	-3.08571	-0.0555919
14.88	-3.08627	-0.055039
14.89	-3.08682	-0.0544915
14.9	-3.08737	-0.0539495
14.91	-3.08791	-0.0534129
14.92	-3.08844	-0.0528816
14.93	-3.08897	-0.0523556
14.94	-3.08949	-0.0518349
14.95	-3.09001	-0.0513193
14.96	-3.09052	-0.0508088
14.97	-3.09103	-0.0503034
14.98	-3.09153	-0.049803
14.99	-3.09203	-0.0493076
