0	-5	5
0.01	-4.95	4.02438
0.02	-4.90976	3.26434
0.03	-4.87711	2.66722
0.04	-4.85044	2.19491
0.05	-4.82849	1.81926
0.06	-4.8103	1.51917
0.07	-4.79511	1.27859
0.08	-4.78232	1.08513
0.09	-4.77147	0.929203
0.1	-4.76218	0.803265
0.11	-4.75415	0.701384
0.12	-4.74713	0.618852
0.13	-4.74094	0.551919
0.14	-4.73542	0.497586
0.15	-4.73045	0.453449
0.16	-4.72591	0.417571
0.17	-4.72174	0.388395
0.18	-4.71785	0.36466
0.19	-4.71421	0.345347
0.2	-4.71075	0.329632
0.21	-4.70746	0.316845
0.22	-4.70429	0.306443
0.23	-4.70122	0.297984
0.24	-4.69824	0.29111
0.25	-4.69533	0.285529
0.26	-4.69248	0.281004
0.27	-4.68967	0.277339
0.28	-4.68689	0.274379
0.29	-4.68415	0.271993
0.3	-4.68143	0.270078
0.31	-4.67873	0.268547
0.32	-4.67604	0.26733
0.33	-4.67337	0.266371
0.34	-4.67071	0.265623
0.35	-4.66805	0.265047
0.36	-4.6654	0.264613
0.37	-4.66275	0.264295
0.38	-4.66011	0.264072
0.39	-4.65747	0.263927
0.4	-4.65483	0.263846
0.41	-4.65219	0.263818
0.42	-4.64956	0.263833
0.43	-4.64692	0.263884
0.44	-4.64428	0.263964
0.45	-4.64164	0.264068
0.46	-4.639	0.264193
0.47	-4.63636	0.264334
0.48	-4.63371	0.264488
0.49	-4.63107	0.264654
0.5	-4.62842	0.26483
0.51	-4.62577	0.265013
0.52	-4.62312	0.265203
0.53	-4.62047	0.265398
0.54	-4.61782	0.265598
0.55	-4.61516	0.265802
0.56	-4.6125	0.266009
0.57	-4.60984	0.266219
0.58	-4.60718	0.266432
0.59	-4.60452	0.266647
0.6	-4.60185	0.266863
0.61	-4.59918	0.267081
0.62	-4.59651	0.267301
0.63	-4.59384	0.267522
0.64	-4.59116	0.267744
0.65	-4.58848	0.267967
0.66	-4.5858	0.268192
0.67	-4.58312	0.268417
0.68	-4.58044	0.268643
0.69	-4.57775	0.26887
0.7	-4.57506	0.269098
0.71	-4.57237	0.269326
0.72	-4.56968	0.269555
0.73	-4.56698	0.269785
0.74	-4.56429	0.270016
0.75	-4.56159	0.270247
0.76	-4.55888	0.270479
0.77	-4.55618	0.270712
0.78	-4.55347	0.270946
0.79	-4.55076	0.27118
0.8	-4.54805	0.271415
0.81	-4.54534	0.27165
0.82	-4.54262	0.271886
0.83	-4.5399	0.272123
0.84	-4.53718	0.272361
0.85	-4.53446	0.272599
0.86	-4.53173	0.272837
0.87	-4.529	0.273077
0.88	-4.52627	0.273317
0.89	-4.52354	0.273558
0.9	-4.5208	0.273799
0.91	-4.51806	0.274042
0.92	-4.51532	0.274285
0.93	-4.51258	0.274528
0.94	-4.50984	0.274772
0.95	-4.50709	0.275017
0.96	-4.50434	0.275263
0.97	-4.50158	0.275509
0.98	-4.49883	0.275756
0.99	-4.49607	0.276004
1	-4.49331	0.276253
1.01	-4.49055	0.276502
1.02	-4.48778	0.276752
1.03	-4.48502	0.277002
1.04	-4.48225	0.277254
1.05	-4.47947	0.277506
1.06	-4.4767	0.277758
1.07	-4.47392	0.278012
1.08	-4.47114	0.278266
1.09	-4.46836	0.278521
1.1	-4.46557	0.278777
1.11	-4.46279	0.279033
1.12	-4.46	0.27929
1.13	-4.4572	0.279548
1.14	-4.45441	0.279807
1.15	-4.45161	0.280067
1.16	-4.44881	0.280327
1.17	-4.44601	0.280588
1.18	-4.4432	0.28085
1.19	-4.44039	0.281112
1.2	-4.43758	0.281376
1.21	-4.43477	0.28164
1.22	-4.43195	0.281905
1.23	-4.42913	0.28217
1.24	-4.42631	0.282437
1.25	-4.42348	0.282704
1.26	-4.42066	0.282972
1.27	-4.41783	0.283241
1.28	-4.415	0.283511
1.29	-4.41216	0.283781
1.3	-4.40932	0.284053
1.31	-4.40648	0.284325
1.32	-4.40364	0.284598
1.33	-4.40079	0.284872
1.34	-4.39794	0.285146
1.35	-4.39509	0.285422
1.36	-4.39224	0.285698
1.37	-4.38938	0.285975
1.38	-4.38652	0.286254
1.39	-4.38366	0.286532
1.4	-4.38079	0.286812
1.41	-4.37793	0.287093
1.42	-4.37505	0.287374
1.43	-4.37218	0.287657
1.44	-4.3693	0.28794
1.45	-4.36643	0.288224
1.46	-4.36354	0.288509
1.47	-4.36066	0.288795
1.48	-4.35777	0.289082
1.49	-4.35488	0.28937
1.5	-4.35199	0.289658
1.51	-4.34909	0.289948
1.52	-4.34619	0.290238
1.53	-4.34329	0.29053
1.54	-4.34038	0.290822
1.55	-4.33747	0.291116
1.56	-4.33456	0.29141
1.57	-4.33165	0.291705
1.58	-4.32873	0.292001
1.59	-4.32581	0.292298
1.6	-4.32289	0.292596
1.61	-4.31996	0.292895
1.62	-4.31703	0.293195
1.63	-4.3141	0.293496
1.64	-4.31117	0.293798
1.65	-4.30823	0.294101
1.66	-4.30529	0.294405
1.67	-4.30234	0.294709
1.68	-4.2994	0.295015
1.69	-4.29645	0.295322
1.7	-4.29349	0.29563
1.71	-4.29054	0.295939
1.72	-4.28758	0.296249
1.73	-4.28461	0.29656
1.74	-4.28165	0.296872
1.75	-4.27868	0.297185
1.76	-4.27571	0.297499
1.77	-4.27273	0.297814
1.78	-4.26976	0.29813
1.79	-4.26677	0.298448
1.8	-4.26379	0.298766
1.81	-4.2608	0.299085
1.82	-4.25781	0.299406
1.83	-4.25482	0.299727
1.84	-4.25182	0.30005
1.85	-4.24882	0.300374
1.86	-4.24582	0.300699
1.87	-4.24281	0.301025
1.88	-4.2398	0.301352
1.89	-4.23678	0.30168
1.9	-4.23377	0.302009
1.91	-4.23075	0.30234
1.92	-4.22772	0.302672
1.93	-4.2247	0.303004
1.94	-4.22167	0.303338
1.95	-4.21863	0.303673
1.96	-4.2156	0.30401
1.97	-4.21256	0.304347
1.98	-4.20951	0.304686
1.99	-4.20647	0.305026
2	-4.20342	0.305367
2.01	-4.20036	0.305709
2.02	-4.19731	0.306053
2.03	-4.19425	0.306397
2.04	-4.19118	0.306743
2.05	-4.18811	0.30709
2.06	-4.18504	0.307439
2.07	-4.18197	0.307789
2.08	-4.17889	0.308139
2.09	-4.17581	0.308492
2.1	-4.17272	0.308845
2.11	-4.16964	0.3092
2.12	-4.16654	0.309556
2.13	-4.16345	0.309913
2.14	-4.16035	0.310272
2.15	-4.15725	0.310632
2.16	-4.15414	0.310993
2.17	-4.15103	0.311356
2.18	-4.14792	0.31172
2.19	-4.1448	0.312085
2.2	-4.14168	0.312452
2.21	-4.13855	0.31282
2.22	-4.13543	0.313189
2.23	-4.13229	0.31356
2.24	-4.12916	0.313932
2.25	-4.12602	0.314306
2.26	-4.12288	0.314681
2.27	-4.11973	0.315057
2.28	-4.11658	0.315435
2.29	-4.11342	0.315814
2.3	-4.11027	0.316195
2.31	-4.1071	0.316577
2.32	-4.10394	0.31696
2.33	-4.10077	0.317346
2.34	-4.0976	0.317732
2.35	-4.09442	0.31812
2.36	-4.09124	0.31851
2.37	-4.08805	0.318901
2.38	-4.08486	0.319293
2.39	-4.08167	0.319687
2.4	-4.07847	0.320083
2.41	-4.07527	0.32048
2.42	-4.07207	0.320879
2.43	-4.06886	0.321279
2.44	-4.06565	0.321681
2.45	-4.06243	0.322084
2.46	-4.05921	0.322489
2.47	-4.05598	0.322896
2.48	-4.05275	0.323304
2.49	-4.04952	0.323714
2.5	-4.04628	0.324126
2.51	-4.04304	0.324539
2.52	-4.0398	0.324954
2.53	-4.03655	0.325371
2.54	-4.03329	0.325789
2.55	-4.03004	0.326209
2.56	-4.02677	0.32663
2.57	-4.02351	0.327054
2.58	-4.02024	0.327479
2.59	-4.01696	0.327906
2.6	-4.01368	0.328334
2.61	-4.0104	0.328765
2.62	-4.00711	0.329197
2.63	-4.00382	0.329631
2.64	-4.00052	0.330066
2.65	-3.99722	0.330504
2.66	-3.99392	0.330943
2.67	-3.99061	0.331385
2.68	-3.9873	0.331828
2.69	-3.98398	0.332273
2.7	-3.98065	0.332719
2.71	-3.97733	0.333168
2.72	-3.974	0.333619
2.73	-3.97066	0.334071
2.74	-3.96732	0.334526
2.75	-3.96397	0.334982
2.76	-3.96062	0.335441
2.77	-3.95727	0.335901
2.78	-3.95391	0.336363
2.79	-3.95055	0.336828
2.8	-3.94718	0.337294
2.81	-3.94381	0.337763
2.82	-3.94043	0.338233
2.83	-3.93705	0.338706
2.84	-3.93366	0.33918
2.85	-3.93027	0.339657
2.86	-3.92687	0.340136
2.87	-3.92347	0.340617
2.88	-3.92006	0.3411
2.89	-3.91665	0.341585
2.9	-3.91324	0.342073
2.91	-3.90981	0.342562
2.92	-3.90639	0.343054
2.93	-3.90296	0.343548
2.94	-3.89952	0.344044
2.95	-3.89608	0.344543
2.96	-3.89264	0.345044
2.97	-3.88919	0.345547
2.98	-3.88573	0.346052
2.99	-3.88227	0.34656
3	-3.87881	0.34707
3.01	-3.87533	0.347582
3.02	-3.87186	0.348097
3.03	-3.86838	0.348614
3.04	-3.86489	0.349134
3.05	-3.8614	0.349656
3.06	-3.8579	0.35018
3.07	-3.8544	0.350707
3.08	-3.8509	0.351237
3.09	-3.84738	0.351769
3.1	-3.84386	0.352303
3.11	-3.84034	0.35284
3.12	-3.83681	0.35338
3.13	-3.83328	0.353922
3.14	-3.82974	0.354467
3.15	-3.8262	0.355015
3.16	-3.82265	0.355565
3.17	-3.81909	0.356117
3.18	-3.81553	0.356673
3.19	-3.81196	0.357231
3.2	-3.80839	0.357792
3.21	-3.80481	0.358356
3.22	-3.80123	0.358922
3.23	-3.79764	0.359492
3.24	-3.79404	0.360064
3.25	-3.79044	0.360639
3.26	-3.78684	0.361216
3.27	-3.78323	0.361797
3.28	-3.77961	0.362381
3.29	-3.77598	0.362968
3.3	-3.77235	0.363557
3.31	-3.76872	0.36415
3.32	-3.76508	0.364745
3.33	-3.76143	0.365344
3.34	-3.75778	0.365946
3.35	-3.75412	0.366551
3.36	-3.75045	0.367159
3.37	-3.74678	0.36777
3.38	-3.7431	0.368384
3.39	-3.73942	0.369001
3.4	-3.73573	0.369622
3.41	-3.73203	0.370246
3.42	-3.72833	0.370874
3.43	-3.72462	0.371504
3.44	-3.72091	0.372138
3.45	-3.71718	0.372775
3.46	-3.71346	0.373416
3.47	-3.70972	0.37406
3.48	-3.70598	0.374708
3.49	-3.70223	0.375359
3.5	-3.69848	0.376014
3.51	-3.69472	0.376672
3.52	-3.69095	0.377334
3.53	-3.68718	0.378
3.54	-3.6834	0.378669
3.55	-3.67961	0.379341
3.56	-3.67582	0.380018
3.57	-3.67202	0.380698
3.58	-3.66821	0.381382
3.59	-3.6644	0.38207
3.6	-3.66058	0.382762
3.61	-3.65675	0.383458
3.62	-3.65292	0.384158
3.63	-3.64907	0.384861
3.64	-3.64523	0.385569
3.65	-3.64137	0.38628
3.66	-3.63751	0.386996
3.67	-3.63364	0.387716
3.68	-3.62976	0.38844
3.69	-3.62588	0.389168
3.7	-3.62198	0.389901
3.71	-3.61809	0.390638
3.72	-3.61418	0.391379
3.73	-3.61027	0.392124
3.74	-3.60634	0.392874
3.75	-3.60242	0.393628
3.76	-3.59848	0.394387
3.77	-3.59454	0.39515
3.78	-3.59058	0.395918
3.79	-3.58662	0.396691
3.8	-3.58266	0.397468
3.81	-3.57868	0.39825
3.82	-3.5747	0.399037
3.83	-3.57071	0.399828
3.84	-3.56671	0.400625
3.85	-3.56271	0.401426
3.86	-3.55869	0.402232
3.87	-3.55467	0.403043
3.88	-3.55064	0.40386
3.89	-3.5466	0.404681
3.9	-3.54255	0.405508
3.91	-3.5385	0.406339
3.92	-3.53443	0.407177
3.93	-3.53036	0.408019
3.94	-3.52628	0.408867
3.95	-3.52219	0.40972
3.96	-3.5181	0.410579
3.97	-3.51399	0.411443
3.98	-3.50988	0.412313
3.99	-3.50575	0.413188
4	-3.50162	0.41407
4.01	-3.49748	0.414957
4.02	-3.49333	0.41585
4.03	-3.48917	0.416748
4.04	-3.48501	0.417653
4.05	-3.48083	0.418564
4.06	-3.47664	0.419481
4.07	-3.47245	0.420404
4.08	-3.46824	0.421334
4.09	-3.46403	0.422269
4.1	-3.45981	0.423211
4.11	-3.45558	0.42416
4.12	-3.45133	0.425115
4.13	-3.44708	0.426077
4.14	-3.44282	0.427045
4.15	-3.43855	0.42802
4.16	-3.43427	0.429002
4.17	-3.42998	0.429991
4.18	-3.42568	0.430986
4.19	-3.42137	0.431989
4.2	-3.41705	0.432999
4.21	-3.41272	0.434016
4.22	-3.40838	0.435041
4.23	-3.40403	0.436073
4.24	-3.39967	0.437112
4.25	-3.3953	0.438159
4.26	-3.39092	0.439214
4.27	-3.38653	0.440276
4.28	-3.38212	0.441346
4.29	-3.37771	0.442424
4.3	-3.37329	0.44351
4.31	-3.36885	0.444605
4.32	-3.3644	0.445707
4.33	-3.35995	0.446818
4.34	-3.35548	0.447937
4.35	-3.351	0.449065
4.36	-3.34651	0.450201
4.37	-3.34201	0.451346
4.38	-3.33749	0.4525
4.39	-3.33297	0.453663
4.4	-3.32843	0.454835
4.41	-3.32388	0.456016
4.42	-3.31932	0.457207
4.43	-3.31475	0.458406
4.44	-3.31017	0.459616
4.45	-3.30557	0.460835
4.46	-3.30096	0.462064
4.47	-3.29634	0.463302
4.48	-3.29171	0.464551
4.49	-3.28706	0.46581
4.5	-3.28241	0.467079
4.51	-3.27773	0.468359
4.52	-3.27305	0.469649
4.53	-3.26835	0.47095
4.54	-3.26365	0.472262
4.55	-3.25892	0.473585
4.56	-3.25419	0.474919
4.57	-3.24944	0.476264
4.58	-3.24468	0.47762
4.59	-3.2399	0.478989
4.6	-3.23511	0.480369
4.61	-3.23031	0.481761
4.62	-3.22549	0.483165
4.63	-3.22066	0.484581
4.64	-3.21581	0.48601
4.65	-3.21095	0.487451
4.66	-3.20608	0.488905
4.67	-3.20119	0.490372
4.68	-3.19628	0.491852
4.69	-3.19136	0.493346
4.7	-3.18643	0.494853
4.71	-3.18148	0.496374
4.72	-3.17652	0.497908
4.73	-3.17154	0.499457
4.74	-3.16654	0.50102
4.75	-3.16153	0.502598
4.76	-3.15651	0.50419
4.77	-3.15147	0.505798
4.78	-3.14641	0.50742
4.79	-3.14133	0.509058
4.8	-3.13624	0.510712
4.81	-3.13114	0.512382
4.82	-3.12601	0.514067
4.83	-3.12087	0.515769
4.84	-3.11571	0.517488
4.85	-3.11054	0.519224
4.86	-3.10535	0.520976
4.87	-3.10014	0.522746
4.88	-3.09491	0.524534
4.89	-3.08967	0.52634
4.9	-3.0844	0.528164
4.91	-3.07912	0.530007
4.92	-3.07382	0.531868
4.93	-3.0685	0.533749
4.94	-3.06316	0.535649
4.95	-3.05781	0.537569
4.96	-3.05243	0.539509
4.97	-3.04704	0.541469
4.98	-3.04162	0.54345
4.99	-3.03619	0.545453
5	-3.03073	0.547476
5.01	-3.02526	0.549522
5.02	-3.01976	0.55159
5.03	-3.01425	0.55368
5.04	-3.00871	0.555793
5.05	-3.00315	0.55793
5.06	-2.99757	0.560091
5.07	-2.99197	0.562275
5.08	-2.98635	0.564484
5.09	-2.9807	0.566719
5.1	-2.97504	0.568978
5.11	-2.96935	0.571264
5.12	-2.96363	0.573576
5.13	-2.9579	0.575915
5.14	-2.95214	0.578281
5.15	-2.94636	0.580675
5.16	-2.94055	0.583098
5.17	-2.93472	0.585549
5.18	-2.92886	0.58803
5.19	-2.92298	0.590541
5.2	-2.91708	0.593082
5.21	-2.91115	0.595654
5.22	-2.90519	0.598258
5.23	-2.89921	0.600895
5.24	-2.8932	0.603564
5.25	-2.88716	0.606267
5.26	-2.8811	0.609004
5.27	-2.87501	0.611776
5.28	-2.86889	0.614583
5.29	-2.86275	0.617427
5.3	-2.85657	0.620308
5.31	-2.85037	0.623226
5.32	-2.84414	0.626183
5.33	-2.83788	0.629179
5.34	-2.83158	0.632215
5.35	-2.82526	0.635293
5.36	-2.81891	0.638411
5.37	-2.81252	0.641573
5.38	-2.80611	0.644778
5.39	-2.79966	0.648027
5.4	-2.79318	0.651322
5.41	-2.78667	0.654663
5.42	-2.78012	0.658051
5.43	-2.77354	0.661488
5.44	-2.76693	0.664974
5.45	-2.76028	0.668511
5.46	-2.75359	0.672099
5.47	-2.74687	0.67574
5.48	-2.74011	0.679434
5.49	-2.73332	0.683184
5.5	-2.72649	0.68699
5.51	-2.71962	0.690854
5.52	-2.71271	0.694777
5.53	-2.70576	0.69876
5.54	-2.69877	0.702805
5.55	-2.69174	0.706913
5.56	-2.68468	0.711085
5.57	-2.67756	0.715324
5.58	-2.67041	0.719631
5.59	-2.66322	0.724007
5.6	-2.65597	0.728454
5.61	-2.64869	0.732974
5.62	-2.64136	0.737569
5.63	-2.63398	0.74224
5.64	-2.62656	0.746989
5.65	-2.61909	0.751819
5.66	-2.61157	0.756731
5.67	-2.60401	0.761727
5.68	-2.59639	0.76681
5.69	-2.58872	0.771982
5.7	-2.581	0.777245
5.71	-2.57323	0.782602
5.72	-2.5654	0.788055
5.73	-2.55752	0.793606
5.74	-2.54959	0.799259
5.75	-2.54159	0.805015
5.76	-2.53354	0.810879
5.77	-2.52544	0.816852
5.78	-2.51727	0.822938
5.79	-2.50904	0.829139
5.8	-2.50075	0.83546
5.81	-2.49239	0.841904
5.82	-2.48397	0.848473
5.83	-2.47549	0.855172
5.84	-2.46694	0.862005
5.85	-2.45832	0.868974
5.86	-2.44963	0.876085
5.87	-2.44087	0.883342
5.88	-2.43203	0.890748
5.89	-2.42312	0.898309
5.9	-2.41414	0.906028
5.91	-2.40508	0.913912
5.92	-2.39594	0.921964
5.93	-2.38672	0.930191
5.94	-2.37742	0.938597
5.95	-2.36803	0.947189
5.96	-2.35856	0.955971
5.97	-2.349	0.964952
5.98	-2.33935	0.974135
5.99	-2.32961	0.98353
6	-2.31978	0.993141
6.01	-2.30985	1.00298
6.02	-2.29982	1.01305
6.03	-2.28969	1.02335
6.04	-2.27945	1.03391
6.05	-2.26911	1.04472
6.06	-2.25867	1.0558
6.07	-2.24811	1.06715
6.08	-2.23744	1.07879
6.09	-2.22665	1.09072
6.1	-2.21574	1.10296
6.11	-2.20471	1.11551
6.12	-2.19356	1.1284
6.13	-2.18227	1.14162
6.14	-2.17086	1.15519
6.15	-2.1593	1.16913
6.16	-2.14761	1.18345
6.17	-2.13578	1.19816
6.18	-2.1238	1.21328
6.19	-2.11166	1.22883
6.2	-2.09938	1.24481
6.21	-2.08693	1.26126
6.22	-2.07431	1.27819
6.23	-2.06153	1.29561
6.24	-2.04858	1.31354
6.25	-2.03544	1.33202
6.26	-2.02212	1.35106
6.27	-2.00861	1.37068
6.28	-1.9949	1.3909
6.29	-1.98099	1.41177
6.3	-1.96688	1.43329
6.31	-1.95254	1.4555
6.32	-1.93799	1.47844
6.33	-1.9232	1.50212
6.34	-1.90818	1.5266
6.35	-1.89292	1.55189
6.36	-1.8774	1.57804
6.37	-1.86162	1.60509
6.38	-1.84557	1.63308
6.39	-1.82924	1.66205
6.4	-1.81262	1.69205
6.41	-1.7957	1.72313
6.42	-1.77846	1.75534
6.43	-1.76091	1.78873
6.44	-1.74302	1.82336
6.45	-1.72479	1.8593
6.46	-1.7062	1.89661
6.47	-1.68723	1.93536
6.48	-1.66788	1.97561
6.49	-1.64812	2.01745
6.5	-1.62795	2.06096
6.51	-1.60734	2.10623
6.52	-1.58627	2.15334
6.53	-1.56474	2.2024
6.54	-1.54272	2.25351
6.55	-1.52018	2.30677
6.56	-1.49711	2.36231
6.57	-1.47349	2.42025
6.58	-1.44929	2.48072
6.59	-1.42448	2.54385
6.6	-1.39904	2.60981
6.61	-1.37295	2.67873
6.62	-1.34616	2.7508
6.63	-1.31865	2.82619
6.64	-1.29039	2.90508
6.65	-1.26134	2.98768
6.66	-1.23146	3.07419
6.67	-1.20072	3.16485
6.68	-1.16907	3.25988
6.69	-1.13647	3.35953
6.7	-1.10288	3.46408
6.71	-1.06823	3.5738
6.72	-1.0325	3.68897
6.73	-0.995607	3.80992
6.74	-0.957508	3.93696
6.75	-0.918138	4.07044
6.76	-0.877434	4.21069
6.77	-0.835327	4.35809
6.78	-0.791746	4.51301
6.79	-0.746616	4.67584
6.8	-0.699858	4.84697
6.81	-0.651388	5.0268
6.82	-0.60112	5.21572
6.83	-0.548963	5.41412
6.84	-0.494822	5.62237
6.85	-0.438598	5.84084
6.86	-0.38019	6.06983
6.87	-0.319491	6.30962
6.88	-0.256395	6.56043
6.89	-0.190791	6.82236
6.9	-0.122567	7.09546
6.91	-0.0516125	7.3796
6.92	0.0221835	7.67453
6.93	0.0989288	7.97977
6.94	0.178726	8.29462
6.95	0.261673	8.61811
6.96	0.347854	8.94893
6.97	0.437343	9.2854
6.98	0.530197	9.62541
6.99	0.626451	9.96639
7	0.726115	10.3052
7.01	0.829167	10.6383
7.02	0.93555	10.9614
7.03	1.04516	11.2696
7.04	1.15786	11.5578
7.05	1.27344	11.8199
7.06	1.39164	12.0499
7.07	1.51214	12.2412
7.08	1.63455	12.3875
7.09	1.75842	12.4824
7.1	1.88325	12.5201
7.11	2.00845	12.4958
7.12	2.13341	12.4056
7.13	2.25746	12.247
7.14	2.37993	12.0194
7.15	2.50012	11.7239
7.16	2.61736	11.3635
7.17	2.731	10.9432
7.18	2.84043	10.4696
7.19	2.94513	9.95086
7.2	3.04464	9.39602
7.21	3.1386	8.81489
7.22	3.22674	8.21742
7.23	3.30892	7.61331
7.24	3.38505	7.01162
7.25	3.45517	6.42047
7.26	3.51937	5.84686
7.27	3.57784	5.2965
7.28	3.63081	4.77383
7.29	3.67854	4.28201
7.3	3.72136	3.82308
7.31	3.7596	3.39803
7.32	3.79358	3.007
7.33	3.82365	2.64941
7.34	3.85014	2.32415
7.35	3.87338	2.02969
7.36	3.89368	1.76422
7.37	3.91132	1.52578
7.38	3.92658	1.3123
7.39	3.9397	1.12171
7.4	3.95092	0.951974
7.41	3.96044	0.80113
7.42	3.96845	0.667324
7.43	3.97512	0.548818
7.44	3.98061	0.444003
7.45	3.98505	0.351402
7.46	3.98857	0.269669
7.47	3.99126	0.197585
7.48	3.99324	0.134049
7.49	3.99458	0.0780754
7.5	3.99536	0.0287817
7.51	3.99565	-0.0146186
7.52	3.9955	-0.0528246
7.53	3.99497	-0.0864566
7.54	3.99411	-0.116064
7.55	3.99295	-0.142131
7.56	3.99153	-0.165087
7.57	3.98988	-0.185309
7.58	3.98802	-0.203129
7.59	3.98599	-0.218841
7.6	3.9838	-0.232701
7.61	3.98148	-0.244936
7.62	3.97903	-0.255743
7.63	3.97647	-0.265299
7.64	3.97382	-0.273755
7.65	3.97108	-0.281246
7.66	3.96827	-0.287891
7.67	3.96539	-0.293791
7.68	3.96245	-0.299039
7.69	3.95946	-0.303714
7.7	3.95642	-0.307886
7.71	3.95334	-0.311615
7.72	3.95023	-0.314957
7.73	3.94708	-0.317958
7.74	3.9439	-0.320659
7.75	3.94069	-0.323097
7.76	3.93746	-0.325304
7.77	3.93421	-0.327307
7.78	3.93093	-0.329133
7.79	3.92764	-0.330801
7.8	3.92433	-0.332332
7.81	3.92101	-0.333741
7.82	3.91767	-0.335045
7.83	3.91432	-0.336254
7.84	3.91096	-0.337382
7.85	3.90759	-0.338438
7.86	3.9042	-0.33943
7.87	3.90081	-0.340366
7.88	3.8974	-0.341254
7.89	3.89399	-0.342099
7.9	3.89057	-0.342907
7.91	3.88714	-0.343682
7.92	3.8837	-0.344428
7.93	3.88026	-0.345149
7.94	3.87681	-0.345849
7.95	3.87335	-0.346529
7.96	3.86989	-0.347193
7.97	3.86641	-0.347842
7.98	3.86293	-0.348479
7.99	3.85945	-0.349106
8	3.85596	-0.349723
8.01	3.85246	-0.350333
8.02	3.84896	-0.350936
8.03	3.84545	-0.351533
8.04	3.84193	-0.352126
8.05	3.83841	-0.352715
8.06	3.83489	-0.353301
8.07	3.83135	-0.353884
8.08	3.82781	-0.354466
8.09	3.82427	-0.355047
8.1	3.82072	-0.355626
8.11	3.81716	-0.356206
8.12	3.8136	-0.356785
8.13	3.81003	-0.357365
8.14	3.80646	-0.357945
8.15	3.80288	-0.358526
8.16	3.79929	-0.359108
8.17	3.7957	-0.359691
8.18	3.79211	-0.360276
8.19	3.7885	-0.360863
8.2	3.78489	-0.361451
8.21	3.78128	-0.362041
8.22	3.77766	-0.362634
8.23	3.77403	-0.363228
8.24	3.7704	-0.363825
8.25	3.76676	-0.364424
8.26	3.76312	-0.365026
8.27	3.75947	-0.365631
8.28	3.75581	-0.366238
8.29	3.75215	-0.366847
8.3	3.74848	-0.36746
8.31	3.74481	-0.368075
8.32	3.74113	-0.368694
8.33	3.73744	-0.369315
8.34	3.73375	-0.36994
8.35	3.73005	-0.370567
8.36	3.72634	-0.371198
8.37	3.72263	-0.371831
8.38	3.71891	-0.372468
8.39	3.71519	-0.373109
8.4	3.71145	-0.373752
8.41	3.70772	-0.374399
8.42	3.70397	-0.375049
8.43	3.70022	-0.375703
8.44	3.69647	-0.37636
8.45	3.6927	-0.377021
8.46	3.68893	-0.377685
8.47	3.68515	-0.378353
8.48	3.68137	-0.379025
8.49	3.67758	-0.3797
8.5	3.67378	-0.380379
8.51	3.66998	-0.381062
8.52	3.66617	-0.381748
8.53	3.66235	-0.382438
8.54	3.65853	-0.383132
8.55	3.6547	-0.38383
8.56	3.65086	-0.384532
8.57	3.64701	-0.385238
8.58	3.64316	-0.385948
8.59	3.6393	-0.386662
8.6	3.63543	-0.38738
8.61	3.63156	-0.388103
8.62	3.62768	-0.388829
8.63	3.62379	-0.389559
8.64	3.6199	-0.390294
8.65	3.61599	-0.391033
8.66	3.61208	-0.391777
8.67	3.60816	-0.392525
8.68	3.60424	-0.393277
8.69	3.60031	-0.394034
8.7	3.59637	-0.394795
8.71	3.59242	-0.395561
8.72	3.58846	-0.396331
8.73	3.5845	-0.397106
8.74	3.58053	-0.397886
8.75	3.57655	-0.398671
8.76	3.57256	-0.39946
8.77	3.56857	-0.400254
8.78	3.56457	-0.401053
8.79	3.56055	-0.401857
8.8	3.55654	-0.402666
8.81	3.55251	-0.40348
8.82	3.54847	-0.404299
8.83	3.54443	-0.405123
8.84	3.54038	-0.405953
8.85	3.53632	-0.406787
8.86	3.53225	-0.407627
8.87	3.52818	-0.408473
8.88	3.52409	-0.409323
8.89	3.52	-0.410179
8.9	3.5159	-0.411041
8.91	3.51179	-0.411908
8.92	3.50767	-0.412781
8.93	3.50354	-0.41366
8.94	3.4994	-0.414544
8.95	3.49526	-0.415434
8.96	3.4911	-0.416331
8.97	3.48694	-0.417233
8.98	3.48277	-0.418141
8.99	3.47859	-0.419055
9	3.4744	-0.419975
9.01	3.4702	-0.420901
9.02	3.46599	-0.421834
9.03	3.46177	-0.422773
9.04	3.45754	-0.423719
9.05	3.4533	-0.424671
9.06	3.44906	-0.425629
9.07	3.4448	-0.426595
9.08	3.44053	-0.427567
9.09	3.43626	-0.428545
9.1	3.43197	-0.429531
9.11	3.42768	-0.430523
9.12	3.42337	-0.431523
9.13	3.41906	-0.43253
9.14	3.41473	-0.433543
9.15	3.4104	-0.434565
9.16	3.40605	-0.435593
9.17	3.4017	-0.436629
9.18	3.39733	-0.437672
9.19	3.39295	-0.438723
9.2	3.38857	-0.439782
9.21	3.38417	-0.440849
9.22	3.37976	-0.441923
9.23	3.37534	-0.443005
9.24	3.37091	-0.444096
9.25	3.36647	-0.445194
9.26	3.36202	-0.446301
9.27	3.35755	-0.447417
9.28	3.35308	-0.44854
9.29	3.34859	-0.449673
9.3	3.3441	-0.450814
9.31	3.33959	-0.451964
9.32	3.33507	-0.453122
9.33	3.33054	-0.45429
9.34	3.326	-0.455467
9.35	3.32144	-0.456653
9.36	3.31687	-0.457849
9.37	3.3123	-0.459053
9.38	3.30771	-0.460268
9.39	3.3031	-0.461492
9.4	3.29849	-0.462726
9.41	3.29386	-0.46397
9.42	3.28922	-0.465225
9.43	3.28457	-0.466489
9.44	3.2799	-0.467764
9.45	3.27523	-0.469049
9.46	3.27054	-0.470345
9.47	3.26583	-0.471652
9.48	3.26112	-0.472969
9.49	3.25639	-0.474298
9.5	3.25164	-0.475638
9.51	3.24689	-0.476989
9.52	3.24212	-0.478352
9.53	3.23733	-0.479727
9.54	3.23254	-0.481113
9.55	3.22772	-0.482512
9.56	3.2229	-0.483922
9.57	3.21806	-0.485345
9.58	3.21321	-0.486781
9.59	3.20834	-0.488229
9.6	3.20346	-0.48969
9.61	3.19856	-0.491164
9.62	3.19365	-0.492651
9.63	3.18872	-0.494152
9.64	3.18378	-0.495666
9.65	3.17882	-0.497194
9.66	3.17385	-0.498737
9.67	3.16886	-0.500293
9.68	3.16386	-0.501864
9.69	3.15884	-0.50345
9.7	3.15381	-0.50505
9.71	3.14876	-0.506666
9.72	3.14369	-0.508296
9.73	3.13861	-0.509943
9.74	3.13351	-0.511605
9.75	3.12839	-0.513283
9.76	3.12326	-0.514977
9.77	3.11811	-0.516688
9.78	3.11294	-0.518416
9.79	3.10776	-0.520161
9.8	3.10256	-0.521923
9.81	3.09734	-0.523703
9.82	3.0921	-0.5255
9.83	3.08685	-0.527316
9.84	3.08157	-0.52915
9.85	3.07628	-0.531002
9.86	3.07097	-0.532874
9.87	3.06564	-0.534765
9.88	3.0603	-0.536676
9.89	3.05493	-0.538606
9.9	3.04954	-0.540557
9.91	3.04414	-0.542528
9.92	3.03871	-0.544521
9.93	3.03327	-0.546535
9.94	3.0278	-0.54857
9.95	3.02232	-0.550627
9.96	3.01681	-0.552707
9.97	3.01128	-0.55481
9.98	3.00573	-0.556936
9.99	3.00016	-0.559085
10	2.99457	-0.561258
10.01	2.98896	-0.563456
10.02	2.98333	-0.565679
10.03	2.97767	-0.567927
10.04	2.97199	-0.5702
10.05	2.96629	-0.5725
10.06	2.96056	-0.574826
10.07	2.95482	-0.57718
10.08	2.94904	-0.579561
10.09	2.94325	-0.58197
10.1	2.93743	-0.584408
10.11	2.93158	-0.586875
10.12	2.92572	-0.589372
10.13	2.91982	-0.591899
10.14	2.9139	-0.594457
10.15	2.90796	-0.597046
10.16	2.90199	-0.599667
10.17	2.89599	-0.602321
10.18	2.88997	-0.605008
10.19	2.88392	-0.60773
10.2	2.87784	-0.610485
10.21	2.87174	-0.613276
10.22	2.8656	-0.616103
10.23	2.85944	-0.618966
10.24	2.85325	-0.621867
10.25	2.84703	-0.624806
10.26	2.84079	-0.627784
10.27	2.83451	-0.630802
10.28	2.8282	-0.63386
10.29	2.82186	-0.636959
10.3	2.81549	-0.640101
10.31	2.80909	-0.643285
10.32	2.80266	-0.646514
10.33	2.79619	-0.649787
10.34	2.78969	-0.653107
10.35	2.78316	-0.656473
10.36	2.7766	-0.659887
10.37	2.77	-0.66335
10.38	2.76337	-0.666863
10.39	2.7567	-0.670427
10.4	2.74999	-0.674043
10.41	2.74325	-0.677713
10.42	2.73648	-0.681437
10.43	2.72966	-0.685217
10.44	2.72281	-0.689054
10.45	2.71592	-0.692949
10.46	2.70899	-0.696904
10.47	2.70202	-0.70092
10.48	2.69501	-0.704999
10.49	2.68796	-0.709141
10.5	2.68087	-0.713349
10.51	2.67374	-0.717624
10.52	2.66656	-0.721968
10.53	2.65934	-0.726382
10.54	2.65208	-0.730867
10.55	2.64477	-0.735427
10.56	2.63741	-0.740062
10.57	2.63001	-0.744775
10.58	2.62256	-0.749567
10.59	2.61507	-0.754441
10.6	2.60752	-0.759398
10.61	2.59993	-0.764441
10.62	2.59229	-0.769571
10.63	2.58459	-0.774792
10.64	2.57684	-0.780105
10.65	2.56904	-0.785513
10.66	2.56119	-0.791018
10.67	2.55328	-0.796623
10.68	2.54531	-0.802331
10.69	2.53729	-0.808145
10.7	2.52921	-0.814066
10.71	2.52106	-0.820099
10.72	2.51286	-0.826247
10.73	2.5046	-0.832512
10.74	2.49628	-0.838898
10.75	2.48789	-0.845409
10.76	2.47943	-0.852047
10.77	2.47091	-0.858817
10.78	2.46232	-0.865723
10.79	2.45367	-0.872768
10.8	2.44494	-0.879956
10.81	2.43614	-0.887292
10.82	2.42727	-0.894781
10.83	2.41832	-0.902426
10.84	2.40929	-0.910233
10.85	2.40019	-0.918206
10.86	2.39101	-0.926351
10.87	2.38175	-0.934674
10.88	2.3724	-0.943178
10.89	2.36297	-0.951872
10.9	2.35345	-0.96076
10.91	2.34384	-0.969848
10.92	2.33414	-0.979144
10.93	2.32435	-0.988654
10.94	2.31447	-0.998385
10.95	2.30448	-1.00834
10.96	2.2944	-1.01854
10.97	2.28421	-1.02898
10.98	2.27392	-1.03967
10.99	2.26353	-1.05063
11	2.25302	-1.06185
11.01	2.2424	-1.07336
11.02	2.23167	-1.08515
11.03	2.22082	-1.09724
11.04	2.20984	-1.10965
11.05	2.19875	-1.12238
11.06	2.18752	-1.13544
11.07	2.17617	-1.14885
11.08	2.16468	-1.16261
11.09	2.15305	-1.17675
11.1	2.14129	-1.19128
11.11	2.12937	-1.20621
11.12	2.11731	-1.22156
11.13	2.1051	-1.23734
11.14	2.09272	-1.25357
11.15	2.08019	-1.27027
11.16	2.06749	-1.28746
11.17	2.05461	-1.30515
11.18	2.04156	-1.32338
11.19	2.02833	-1.34215
11.2	2.0149	-1.3615
11.21	2.00129	-1.38144
11.22	1.98747	-1.402
11.23	1.97345	-1.42322
11.24	1.95922	-1.44511
11.25	1.94477	-1.4677
11.26	1.93009	-1.49104
11.27	1.91518	-1.51514
11.28	1.90003	-1.54005
11.29	1.88463	-1.5658
11.3	1.86897	-1.59242
11.31	1.85305	-1.61997
11.32	1.83685	-1.64848
11.33	1.82036	-1.678
11.34	1.80358	-1.70857
11.35	1.7865	-1.74025
11.36	1.7691	-1.77308
11.37	1.75137	-1.80713
11.38	1.73329	-1.84246
11.39	1.71487	-1.87912
11.4	1.69608	-1.91719
11.41	1.67691	-1.95674
11.42	1.65734	-1.99783
11.43	1.63736	-2.04056
11.44	1.61696	-2.085
11.45	1.59611	-2.13125
11.46	1.57479	-2.17939
11.47	1.553	-2.22953
11.48	1.5307	-2.28178
11.49	1.50789	-2.33625
11.5	1.48452	-2.39306
11.51	1.46059	-2.45234
11.52	1.43607	-2.51422
11.53	1.41093	-2.57884
11.54	1.38514	-2.64637
11.55	1.35868	-2.71696
11.56	1.33151	-2.79078
11.57	1.3036	-2.86802
11.58	1.27492	-2.94888
11.59	1.24543	-3.03355
11.6	1.21509	-3.12225
11.61	1.18387	-3.21522
11.62	1.15172	-3.3127
11.63	1.11859	-3.41494
11.64	1.08444	-3.52222
11.65	1.04922	-3.63483
11.66	1.01287	-3.75306
11.67	0.975341	-3.87723
11.68	0.936569	-4.00768
11.69	0.896492	-4.14474
11.7	0.855045	-4.28878
11.71	0.812157	-4.44016
11.72	0.767755	-4.59928
11.73	0.721762	-4.76651
11.74	0.674097	-4.94225
11.75	0.624675	-5.1269
11.76	0.573406	-5.32085
11.77	0.520197	-5.52449
11.78	0.464952	-5.73818
11.79	0.407571	-5.96225
11.8	0.347948	-6.197
11.81	0.285978	-6.44267
11.82	0.221552	-6.69943
11.83	0.154557	-6.96735
11.84	0.0848838	-7.24639
11.85	0.0124199	-7.53636
11.86	-0.0629437	-7.83689
11.87	-0.141313	-8.14738
11.88	-0.222786	-8.46701
11.89	-0.307457	-8.79461
11.9	-0.395403	-9.12869
11.91	-0.48669	-9.46735
11.92	-0.581363	-9.80823
11.93	-0.679445	-10.1485
11.94	-0.78093	-10.4847
11.95	-0.885777	-10.813
11.96	-0.993907	-11.1288
11.97	-1.10519	-11.4269
11.98	-1.21946	-11.7019
11.99	-1.33648	-11.9476
12	-1.45596	-12.1576
12.01	-1.57754	-12.3256
12.02	-1.70079	-12.4451
12.03	-1.82524	-12.51
12.04	-1.95034	-12.5151
12.05	-2.07549	-12.4558
12.06	-2.20005	-12.3292
12.07	-2.32334	-12.1336
12.08	-2.44468	-11.8693
12.09	-2.56337	-11.5385
12.1	-2.67876	-11.1453
12.11	-2.79021	-10.6955
12.12	-2.89717	-10.1966
12.13	-2.99913	-9.65735
12.14	-3.09571	-9.08718
12.15	-3.18658	-8.49607
12.16	-3.27154	-7.89386
12.17	-3.35048	-7.28997
12.18	-3.42338	-6.69299
12.19	-3.49031	-6.11045
12.2	-3.55141	-5.54867
12.21	-3.6069	-5.01268
12.22	-3.65702	-4.50623
12.23	-3.70209	-4.03186
12.24	-3.7424	-3.59103
12.25	-3.77832	-3.18424
12.26	-3.81016	-2.81124
12.27	-3.83827	-2.47115
12.28	-3.86298	-2.16261
12.29	-3.88461	-1.88392
12.3	-3.90345	-1.63319
12.31	-3.91978	-1.40839
12.32	-3.93386	-1.20743
12.33	-3.94594	-1.02827
12.34	-3.95622	-0.868896
12.35	-3.96491	-0.727408
12.36	-3.97218	-0.602011
12.37	-3.9782	-0.491034
12.38	-3.98311	-0.392941
12.39	-3.98704	-0.306324
12.4	-3.99011	-0.229906
12.41	-3.9924	-0.162533
12.42	-3.99403	-0.103166
12.43	-3.99506	-0.0508766
12.44	-3.99557	-0.00483374
12.45	-3.99562	0.0357008
12.46	-3.99526	0.0713829
12.47	-3.99455	0.102794
12.48	-3.99352	0.130447
12.49	-3.99222	0.154796
12.5	-3.99067	0.176243
12.51	-3.98891	0.195139
12.52	-3.98695	0.211795
12.53	-3.98484	0.226485
12.54	-3.98257	0.239447
12.55	-3.98018	0.250894
12.56	-3.97767	0.261011
12.57	-3.97506	0.269959
12.58	-3.97236	0.277882
12.59	-3.96958	0.284906
12.6	-3.96673	0.29114
12.61	-3.96382	0.29668
12.62	-3.96085	0.301612
12.63	-3.95784	0.306009
12.64	-3.95478	0.309936
12.65	-3.95168	0.313452
12.66	-3.94854	0.316605
12.67	-3.94538	0.31944
12.68	-3.94218	0.321996
12.69	-3.93896	0.324306
12.7	-3.93572	0.326401
12.71	-3.93245	0.328306
12.72	-3.92917	0.330045
12.73	-3.92587	0.331638
12.74	-3.92255	0.333101
12.75	-3.91922	0.334452
12.76	-3.91588	0.335704
12.77	-3.91252	0.336868
12.78	-3.90915	0.337956
12.79	-3.90577	0.338977
12.8	-3.90238	0.339938
12.81	-3.89898	0.340848
12.82	-3.89558	0.341712
12.83	-3.89216	0.342537
12.84	-3.88873	0.343326
12.85	-3.8853	0.344085
12.86	-3.88186	0.344818
12.87	-3.87841	0.345527
12.88	-3.87496	0.346215
12.89	-3.87149	0.346887
12.9	-3.86803	0.347543
12.91	-3.86455	0.348185
12.92	-3.86107	0.348816
12.93	-3.85758	0.349438
12.94	-3.85409	0.350051
12.95	-3.85058	0.350657
12.96	-3.84708	0.351256
12.97	-3.84357	0.351851
12.98	-3.84005	0.352442
12.99	-3.83652	0.353029
13	-3.83299	0.353614
13.01	-3.82946	0.354196
13.02	-3.82591	0.354777
13.03	-3.82237	0.355358
13.04	-3.81881	0.355937
13.05	-3.81525	0.356516
13.06	-3.81169	0.357096
13.07	-3.80812	0.357676
13.08	-3.80454	0.358256
13.09	-3.80096	0.358838
13.1	-3.79737	0.35942
13.11	-3.79378	0.360005
13.12	-3.79018	0.36059
13.13	-3.78657	0.361178
13.14	-3.78296	0.361767
13.15	-3.77934	0.362359
13.16	-3.77572	0.362952
13.17	-3.77209	0.363548
13.18	-3.76845	0.364146
13.19	-3.76481	0.364747
13.2	-3.76116	0.36535
13.21	-3.75751	0.365956
13.22	-3.75385	0.366564
13.23	-3.75018	0.367175
13.24	-3.74651	0.36779
13.25	-3.74283	0.368407
13.26	-3.73915	0.369026
13.27	-3.73546	0.369649
13.28	-3.73176	0.370275
13.29	-3.72806	0.370905
13.3	-3.72435	0.371537
13.31	-3.72064	0.372172
13.32	-3.71691	0.372811
13.33	-3.71319	0.373453
13.34	-3.70945	0.374098
13.35	-3.70571	0.374747
13.36	-3.70196	0.375399
13.37	-3.69821	0.376055
13.38	-3.69445	0.376714
13.39	-3.69068	0.377377
13.4	-3.68691	0.378043
13.41	-3.68313	0.378713
13.42	-3.67934	0.379386
13.43	-3.67555	0.380064
13.44	-3.67175	0.380744
13.45	-3.66794	0.381429
13.46	-3.66412	0.382118
13.47	-3.6603	0.38281
13.48	-3.65647	0.383506
13.49	-3.65264	0.384206
13.5	-3.6488	0.38491
13.51	-3.64495	0.385618
13.52	-3.64109	0.38633
13.53	-3.63723	0.387047
13.54	-3.63336	0.387767
13.55	-3.62948	0.388491
13.56	-3.6256	0.38922
13.57	-3.6217	0.389953
13.58	-3.6178	0.39069
13.59	-3.6139	0.391431
13.6	-3.60998	0.392177
13.61	-3.60606	0.392927
13.62	-3.60213	0.393682
13.63	-3.5982	0.394441
13.64	-3.59425	0.395205
13.65	-3.5903	0.395973
13.66	-3.58634	0.396746
13.67	-3.58237	0.397524
13.68	-3.5784	0.398306
13.69	-3.57441	0.399093
13.7	-3.57042	0.399885
13.71	-3.56642	0.400682
13.72	-3.56242	0.401483
13.73	-3.5584	0.40229
13.74	-3.55438	0.403102
13.75	-3.55035	0.403918
13.76	-3.54631	0.40474
13.77	-3.54226	0.405567
13.78	-3.53821	0.406399
13.79	-3.53414	0.407237
13.8	-3.53007	0.40808
13.81	-3.52599	0.408928
13.82	-3.5219	0.409781
13.83	-3.5178	0.410641
13.84	-3.5137	0.411505
13.85	-3.50958	0.412376
13.86	-3.50546	0.413251
13.87	-3.50132	0.414133
13.88	-3.49718	0.415021
13.89	-3.49303	0.415914
13.9	-3.48887	0.416813
13.91	-3.48471	0.417718
13.92	-3.48053	0.41863
13.93	-3.47634	0.419547
13.94	-3.47215	0.420471
13.95	-3.46794	0.421401
13.96	-3.46373	0.422337
13.97	-3.4595	0.423279
13.98	-3.45527	0.424228
13.99	-3.45103	0.425184
14	-3.44678	0.426146
14.01	-3.44252	0.427115
14.02	-3.43824	0.42809
14.03	-3.43396	0.429073
14.04	-3.42967	0.430062
14.05	-3.42537	0.431058
14.06	-3.42106	0.432062
14.07	-3.41674	0.433072
14.08	-3.41241	0.43409
14.09	-3.40807	0.435115
14.1	-3.40372	0.436147
14.11	-3.39936	0.437187
14.12	-3.39498	0.438235
14.13	-3.3906	0.43929
14.14	-3.38621	0.440353
14.15	-3.38181	0.441423
14.16	-3.37739	0.442502
14.17	-3.37297	0.443589
14.18	-3.36853	0.444684
14.19	-3.36408	0.445787
14.2	-3.35963	0.446898
14.21	-3.35516	0.448018
14.22	-3.35068	0.449146
14.23	-3.34619	0.450283
14.24	-3.34168	0.451429
14.25	-3.33717	0.452584
14.26	-3.33264	0.453747
14.27	-3.32811	0.45492
14.28	-3.32356	0.456102
14.29	-3.319	0.457293
14.3	-3.31442	0.458493
14.31	-3.30984	0.459703
14.32	-3.30524	0.460923
14.33	-3.30063	0.462152
14.34	-3.29601	0.463392
14.35	-3.29138	0.464641
14.36	-3.28673	0.465901
14.37	-3.28207	0.467171
14.38	-3.2774	0.468451
14.39	-3.27271	0.469742
14.4	-3.26802	0.471044
14.41	-3.26331	0.472357
14.42	-3.25858	0.47368
14.43	-3.25385	0.475015
14.44	-3.2491	0.476361
14.45	-3.24433	0.477718
14.46	-3.23955	0.479088
14.47	-3.23476	0.480468
14.48	-3.22996	0.481861
14.49	-3.22514	0.483266
14.5	-3.22031	0.484683
14.51	-3.21546	0.486113
14.52	-3.2106	0.487555
14.53	-3.20572	0.48901
14.54	-3.20083	0.490478
14.55	-3.19593	0.491959
14.56	-3.19101	0.493454
14.57	-3.18608	0.494962
14.58	-3.18113	0.496484
14.59	-3.17616	0.498019
14.6	-3.17118	0.499569
14.61	-3.16618	0.501133
14.62	-3.16117	0.502712
14.63	-3.15615	0.504306
14.64	-3.1511	0.505914
14.65	-3.14604	0.507538
14.66	-3.14097	0.509177
14.67	-3.13588	0.510832
14.68	-3.13077	0.512502
14.69	-3.12564	0.514189
14.7	-3.1205	0.515892
14.71	-3.11534	0.517612
14.72	-3.11017	0.519349
14.73	-3.10497	0.521103
14.74	-3.09976	0.522875
14.75	-3.09453	0.524664
14.76	-3.08929	0.526471
14.77	-3.08402	0.528296
14.78	-3.07874	0.53014
14.79	-3.07344	0.532003
14.8	-3.06812	0.533885
14.81	-3.06278	0.535786
14.82	-3.05742	0.537708
14.83	-3.05204	0.539649
14.84	-3.04665	0.541611
14.85	-3.04123	0.543594
14.86	-3.0358	0.545598
14.87	-3.03034	0.547623
14.88	-3.02486	0.54967
14.89	-3.01937	0.551739
14.9	-3.01385	0.553831
14.91	-3.00831	0.555946
14.92	-3.00275	0.558085
14.93	-2.99717	0.560247
14.94	-2.99157	0.562433
14.95	-2.98594	0.564644
14.96	-2.9803	0.56688
14.97	-2.97463	0.569142
14.98	-2.96894	0.571429
14.99	-2.96322	0.573743
