0	3	5
0.01	3.05	4.70437
0.02	3.09704	4.41035
0.03	3.14115	4.12019
0.04	3.18235	3.83591
0.05	3.22071	3.55924
0.06	3.2563	3.29165
0.07	3.28922	3.0343
0.08	3.31956	2.78811
0.09	3.34744	2.55374
0.1	3.37298	2.33162
0.11	3.39629	2.12198
0.12	3.41751	1.92485
0.13	3.43676	1.74012
0.14	3.45416	1.56757
0.15	3.46984	1.40684
0.16	3.48391	1.25752
0.17	3.49648	1.11912
0.18	3.50767	0.991111
0.19	3.51759	0.872945
0.2	3.52632	0.76405
0.21	3.53396	0.663852
0.22	3.54059	0.57178
0.23	3.54631	0.48728
0.24	3.55118	0.409808
0.25	3.55528	0.338848
0.26	3.55867	0.273903
0.27	3.56141	0.214504
0.28	3.56356	0.160209
0.29	3.56516	0.110603
0.3	3.56626	0.0652975
0.31	3.56692	0.0239325
0.32	3.56716	-0.0138271
0.33	3.56702	-0.048291
0.34	3.56653	-0.0797453
0.35	3.56574	-0.108453
0.36	3.56465	-0.134657
0.37	3.56331	-0.158579
0.38	3.56172	-0.180422
0.39	3.55992	-0.200373
0.4	3.55791	-0.218603
0.41	3.55573	-0.235266
0.42	3.55337	-0.250504
0.43	3.55087	-0.264448
0.44	3.54822	-0.277214
0.45	3.54545	-0.288911
0.46	3.54256	-0.299635
0.47	3.53957	-0.309477
0.48	3.53647	-0.318515
0.49	3.53329	-0.326825
0.5	3.53002	-0.334472
0.51	3.52667	-0.341518
0.52	3.52326	-0.348018
0.53	3.51978	-0.354021
0.54	3.51624	-0.359573
0.55	3.51264	-0.364716
0.56	3.509	-0.369487
0.57	3.5053	-0.37392
0.58	3.50156	-0.378046
0.59	3.49778	-0.381894
0.6	3.49396	-0.385489
0.61	3.49011	-0.388854
0.62	3.48622	-0.39201
0.63	3.4823	-0.394976
0.64	3.47835	-0.397771
0.65	3.47437	-0.40041
0.66	3.47037	-0.402907
0.67	3.46634	-0.405275
0.68	3.46228	-0.407527
0.69	3.45821	-0.409673
0.7	3.45411	-0.411723
0.71	3.45	-0.413687
0.72	3.44586	-0.415572
0.73	3.4417	-0.417386
0.74	3.43753	-0.419136
0.75	3.43334	-0.420828
0.76	3.42913	-0.422467
0.77	3.4249	-0.42406
0.78	3.42066	-0.42561
0.79	3.41641	-0.427122
0.8	3.41214	-0.4286
0.81	3.40785	-0.430047
0.82	3.40355	-0.431467
0.83	3.39924	-0.432863
0.84	3.39491	-0.434237
0.85	3.39056	-0.435593
0.86	3.38621	-0.436932
0.87	3.38184	-0.438256
0.88	3.37746	-0.439568
0.89	3.37306	-0.44087
0.9	3.36865	-0.442162
0.91	3.36423	-0.443446
0.92	3.3598	-0.444725
0.93	3.35535	-0.445999
0.94	3.35089	-0.447269
0.95	3.34642	-0.448536
0.96	3.34193	-0.449802
0.97	3.33743	-0.451068
0.98	3.33292	-0.452333
0.99	3.3284	-0.4536
1	3.32386	-0.454869
1.01	3.31931	-0.45614
1.02	3.31475	-0.457414
1.03	3.31018	-0.458692
1.04	3.30559	-0.459975
1.05	3.30099	-0.461262
1.06	3.29638	-0.462555
1.07	3.29175	-0.463854
1.08	3.28712	-0.46516
1.09	3.28246	-0.466472
1.1	3.2778	-0.467791
1.11	3.27312	-0.469118
1.12	3.26843	-0.470453
1.13	3.26373	-0.471796
1.14	3.25901	-0.473148
1.15	3.25428	-0.474509
1.16	3.24953	-0.475879
1.17	3.24477	-0.477258
1.18	3.24	-0.478648
1.19	3.23521	-0.480048
1.2	3.23041	-0.481458
1.21	3.2256	-0.482879
1.22	3.22077	-0.484311
1.23	3.21593	-0.485755
1.24	3.21107	-0.48721
1.25	3.2062	-0.488676
1.26	3.20131	-0.490155
1.27	3.19641	-0.491646
1.28	3.19149	-0.49315
1.29	3.18656	-0.494666
1.3	3.18161	-0.496195
1.31	3.17665	-0.497738
1.32	3.17167	-0.499294
1.33	3.16668	-0.500864
1.34	3.16167	-0.502448
1.35	3.15665	-0.504047
1.36	3.15161	-0.505659
1.37	3.14655	-0.507287
1.38	3.14148	-0.50893
1.39	3.13639	-0.510588
1.4	3.13128	-0.512261
1.41	3.12616	-0.513951
1.42	3.12102	-0.515656
1.43	3.11586	-0.517378
1.44	3.11069	-0.519116
1.45	3.1055	-0.520872
1.46	3.10029	-0.522644
1.47	3.09506	-0.524435
1.48	3.08982	-0.526242
1.49	3.08456	-0.528068
1.5	3.07928	-0.529913
1.51	3.07398	-0.531776
1.52	3.06866	-0.533658
1.53	3.06332	-0.535559
1.54	3.05797	-0.53748
1.55	3.05259	-0.539421
1.56	3.0472	-0.541382
1.57	3.04179	-0.543364
1.58	3.03635	-0.545367
1.59	3.0309	-0.547392
1.6	3.02542	-0.549438
1.61	3.01993	-0.551506
1.62	3.01441	-0.553597
1.63	3.00888	-0.55571
1.64	3.00332	-0.557847
1.65	2.99774	-0.560008
1.66	2.99214	-0.562193
1.67	2.98652	-0.564402
1.68	2.98088	-0.566636
1.69	2.97521	-0.568896
1.7	2.96952	-0.571181
1.71	2.96381	-0.573493
1.72	2.95807	-0.575832
1.73	2.95232	-0.578198
1.74	2.94653	-0.580591
1.75	2.94073	-0.583013
1.76	2.9349	-0.585464
1.77	2.92904	-0.587945
1.78	2.92316	-0.590455
1.79	2.91726	-0.592995
1.8	2.91133	-0.595567
1.81	2.90537	-0.598171
1.82	2.89939	-0.600806
1.83	2.89338	-0.603475
1.84	2.88735	-0.606177
1.85	2.88129	-0.608913
1.86	2.8752	-0.611684
1.87	2.86908	-0.614491
1.88	2.86294	-0.617334
1.89	2.85676	-0.620213
1.9	2.85056	-0.623131
1.91	2.84433	-0.626087
1.92	2.83807	-0.629082
1.93	2.83178	-0.632117
1.94	2.82546	-0.635193
1.95	2.81911	-0.638311
1.96	2.81272	-0.641471
1.97	2.80631	-0.644675
1.98	2.79986	-0.647923
1.99	2.79338	-0.651216
2	2.78687	-0.654556
2.01	2.78032	-0.657943
2.02	2.77374	-0.661378
2.03	2.76713	-0.664863
2.04	2.76048	-0.668398
2.05	2.7538	-0.671985
2.06	2.74708	-0.675624
2.07	2.74032	-0.679317
2.08	2.73353	-0.683065
2.09	2.7267	-0.68687
2.1	2.71983	-0.690732
2.11	2.71292	-0.694653
2.12	2.70598	-0.698634
2.13	2.69899	-0.702677
2.14	2.69196	-0.706783
2.15	2.68489	-0.710954
2.16	2.67779	-0.715191
2.17	2.67063	-0.719495
2.18	2.66344	-0.723869
2.19	2.6562	-0.728314
2.2	2.64892	-0.732832
2.21	2.64159	-0.737424
2.22	2.63421	-0.742092
2.23	2.62679	-0.746839
2.24	2.61932	-0.751667
2.25	2.61181	-0.756576
2.26	2.60424	-0.76157
2.27	2.59663	-0.76665
2.28	2.58896	-0.77182
2.29	2.58124	-0.77708
2.3	2.57347	-0.782434
2.31	2.56565	-0.787884
2.32	2.55777	-0.793432
2.33	2.54983	-0.799081
2.34	2.54184	-0.804835
2.35	2.53379	-0.810695
2.36	2.52569	-0.816664
2.37	2.51752	-0.822747
2.38	2.50929	-0.828945
2.39	2.501	-0.835262
2.4	2.49265	-0.841701
2.41	2.48423	-0.848267
2.42	2.47575	-0.854962
2.43	2.4672	-0.86179
2.44	2.45858	-0.868755
2.45	2.4499	-0.875862
2.46	2.44114	-0.883114
2.47	2.43231	-0.890515
2.48	2.4234	-0.898071
2.49	2.41442	-0.905786
2.5	2.40536	-0.913664
2.51	2.39623	-0.921711
2.52	2.38701	-0.929933
2.53	2.37771	-0.938333
2.54	2.36833	-0.946919
2.55	2.35886	-0.955696
2.56	2.3493	-0.96467
2.57	2.33965	-0.973847
2.58	2.32992	-0.983235
2.59	2.32008	-0.99284
2.6	2.31015	-1.00267
2.61	2.30013	-1.01273
2.62	2.29	-1.02303
2.63	2.27977	-1.03358
2.64	2.26943	-1.04438
2.65	2.25899	-1.05545
2.66	2.24844	-1.0668
2.67	2.23777	-1.07843
2.68	2.22698	-1.09035
2.69	2.21608	-1.10258
2.7	2.20505	-1.11512
2.71	2.1939	-1.12799
2.72	2.18262	-1.1412
2.73	2.17121	-1.15476
2.74	2.15966	-1.16869
2.75	2.14798	-1.183
2.76	2.13615	-1.1977
2.77	2.12417	-1.2128
2.78	2.11204	-1.22834
2.79	2.09976	-1.24431
2.8	2.08732	-1.26074
2.81	2.07471	-1.27765
2.82	2.06193	-1.29506
2.83	2.04898	-1.31298
2.84	2.03585	-1.33144
2.85	2.02254	-1.35046
2.86	2.00903	-1.37006
2.87	1.99533	-1.39027
2.88	1.98143	-1.41111
2.89	1.96732	-1.43261
2.9	1.95299	-1.4548
2.91	1.93844	-1.47772
2.92	1.92367	-1.50138
2.93	1.90865	-1.52583
2.94	1.89339	-1.55109
2.95	1.87788	-1.57722
2.96	1.86211	-1.60424
2.97	1.84607	-1.63219
2.98	1.82975	-1.66113
2.99	1.81314	-1.6911
3	1.79622	-1.72215
3.01	1.779	-1.75432
3.02	1.76146	-1.78767
3.03	1.74358	-1.82227
3.04	1.72536	-1.85817
3.05	1.70678	-1.89543
3.06	1.68782	-1.93413
3.07	1.66848	-1.97434
3.08	1.64874	-2.01613
3.09	1.62858	-2.05959
3.1	1.60798	-2.1048
3.11	1.58693	-2.15185
3.12	1.56542	-2.20085
3.13	1.54341	-2.25189
3.14	1.52089	-2.30509
3.15	1.49784	-2.36055
3.16	1.47423	-2.41842
3.17	1.45005	-2.4788
3.18	1.42526	-2.54185
3.19	1.39984	-2.60772
3.2	1.37376	-2.67655
3.21	1.347	-2.74852
3.22	1.31951	-2.8238
3.23	1.29128	-2.90258
3.24	1.26225	-2.98506
3.25	1.2324	-3.07145
3.26	1.20169	-3.16197
3.27	1.17007	-3.25686
3.28	1.1375	-3.35637
3.29	1.10393	-3.46076
3.3	1.06933	-3.57031
3.31	1.03362	-3.68532
3.32	0.996769	-3.80608
3.33	0.958708	-3.93293
3.34	0.919379	-4.0662
3.35	0.878717	-4.20623
3.36	0.836655	-4.35341
3.37	0.793121	-4.50809
3.38	0.74804	-4.67067
3.39	0.701333	-4.84153
3.4	0.652918	-5.02109
3.41	0.602707	-5.20972
3.42	0.55061	-5.40782
3.43	0.496532	-5.61576
3.44	0.440374	-5.83391
3.45	0.382035	-6.06257
3.46	0.321409	-6.30202
3.47	0.258389	-6.55248
3.48	0.192864	-6.81407
3.49	0.124724	-7.08682
3.5	0.0538554	-7.37063
3.51	-0.0198508	-7.66522
3.52	-0.096503	-7.97015
3.53	-0.176205	-8.28472
3.54	-0.259052	-8.60796
3.55	-0.345131	-8.93857
3.56	-0.434517	-9.2749
3.57	-0.527266	-9.61483
3.58	-0.623414	-9.95583
3.59	-0.722973	-10.2948
3.6	-0.825921	-10.6281
3.61	-0.932202	-10.9515
3.62	-1.04172	-11.2603
3.63	-1.15432	-11.5492
3.64	-1.26981	-11.8122
3.65	-1.38793	-12.0433
3.66	-1.50837	-12.2359
3.67	-1.63073	-12.3837
3.68	-1.75456	-12.4802
3.69	-1.87937	-12.5199
3.7	-2.00456	-12.4975
3.71	-2.12954	-12.4094
3.72	-2.25363	-12.253
3.73	-2.37616	-12.0275
3.74	-2.49644	-11.734
3.75	-2.61378	-11.3756
3.76	-2.72753	-10.9571
3.77	-2.83711	-10.485
3.78	-2.94196	-9.96754
3.79	-3.04163	-9.41367
3.8	-3.13577	-8.83321
3.81	-3.2241	-8.2361
3.82	-3.30646	-7.63206
3.83	-3.38278	-7.03016
3.84	-3.45308	-6.43857
3.85	-3.51747	-5.86432
3.86	-3.57611	-5.31317
3.87	-3.62924	-4.78959
3.88	-3.67714	-4.29678
3.89	-3.72011	-3.83681
3.9	-3.75848	-3.41071
3.91	-3.79258	-3.01862
3.92	-3.82277	-2.66001
3.93	-3.84937	-2.33377
3.94	-3.87271	-2.03838
3.95	-3.89309	-1.77204
3.96	-3.91081	-1.53279
3.97	-3.92614	-1.31857
3.98	-3.93932	-1.1273
3.99	-3.9506	-0.956945
4	-3.96017	-0.805544
4.01	-3.96822	-0.671236
4.02	-3.97493	-0.55228
4.03	-3.98046	-0.447063
4.04	-3.98493	-0.354104
4.05	-3.98847	-0.272053
4.06	-3.99119	-0.199687
4.07	-3.99319	-0.135901
4.08	-3.99455	-0.0797068
4.09	-3.99534	-0.0302182
4.1	-3.99564	0.0133539
4.11	-3.99551	0.0517113
4.12	-3.99499	0.0854766
4.13	-3.99414	0.115201
4.14	-3.99299	0.141371
4.15	-3.99157	0.164418
4.16	-3.98993	0.184719
4.17	-3.98808	0.202609
4.18	-3.98606	0.218382
4.19	-3.98387	0.232297
4.2	-3.98155	0.244579
4.21	-3.9791	0.255428
4.22	-3.97655	0.26502
4.23	-3.9739	0.273508
4.24	-3.97116	0.281027
4.25	-3.96835	0.287696
4.26	-3.96548	0.293619
4.27	-3.96254	0.298886
4.28	-3.95955	0.303577
4.29	-3.95652	0.307763
4.3	-3.95344	0.311506
4.31	-3.95032	0.314859
4.32	-3.94717	0.317869
4.33	-3.944	0.320579
4.34	-3.94079	0.323025
4.35	-3.93756	0.325238
4.36	-3.93431	0.327248
4.37	-3.93104	0.329079
4.38	-3.92774	0.330752
4.39	-3.92444	0.332286
4.4	-3.92111	0.333699
4.41	-3.91778	0.335006
4.42	-3.91443	0.336218
4.43	-3.91106	0.337348
4.44	-3.90769	0.338406
4.45	-3.90431	0.3394
4.46	-3.90091	0.340338
4.47	-3.89751	0.341227
4.48	-3.8941	0.342074
4.49	-3.89068	0.342882
4.5	-3.88725	0.343658
4.51	-3.88381	0.344405
4.52	-3.88037	0.345127
4.53	-3.87692	0.345827
4.54	-3.87346	0.346508
4.55	-3.86999	0.347172
4.56	-3.86652	0.347822
4.57	-3.86304	0.34846
4.58	-3.85956	0.349086
4.59	-3.85607	0.349704
4.6	-3.85257	0.350314
4.61	-3.84907	0.350917
4.62	-3.84556	0.351514
4.63	-3.84204	0.352107
4.64	-3.83852	0.352697
4.65	-3.83499	0.353283
4.66	-3.83146	0.353866
4.67	-3.82792	0.354448
4.68	-3.82438	0.355029
4.69	-3.82083	0.355608
4.7	-3.81727	0.356188
4.71	-3.81371	0.356767
4.72	-3.81014	0.357347
4.73	-3.80657	0.357927
4.74	-3.80299	0.358508
4.75	-3.79941	0.35909
4.76	-3.79581	0.359673
4.77	-3.79222	0.360258
4.78	-3.78861	0.360844
4.79	-3.78501	0.361433
4.8	-3.78139	0.362023
4.81	-3.77777	0.362615
4.82	-3.77415	0.36321
4.83	-3.77051	0.363807
4.84	-3.76688	0.364406
4.85	-3.76323	0.365008
4.86	-3.75958	0.365612
4.87	-3.75593	0.366219
4.88	-3.75226	0.366828
4.89	-3.74859	0.367441
4.9	-3.74492	0.368056
4.91	-3.74124	0.368675
4.92	-3.73755	0.369296
4.93	-3.73386	0.36992
4.94	-3.73016	0.370547
4.95	-3.72646	0.371178
4.96	-3.72274	0.371812
4.97	-3.71903	0.372449
4.98	-3.7153	0.373089
4.99	-3.71157	0.373732
5	-3.70783	0.374379
5.01	-3.70409	0.375029
5.02	-3.70034	0.375683
5.03	-3.69658	0.37634
5.04	-3.69282	0.377001
5.05	-3.68905	0.377665
5.06	-3.68527	0.378333
5.07	-3.68149	0.379004
5.08	-3.6777	0.379679
5.09	-3.6739	0.380358
5.1	-3.6701	0.38104
5.11	-3.66629	0.381727
5.12	-3.66247	0.382417
5.13	-3.65865	0.383111
5.14	-3.65482	0.383809
5.15	-3.65098	0.384511
5.16	-3.64713	0.385216
5.17	-3.64328	0.385926
5.18	-3.63942	0.38664
5.19	-3.63555	0.387358
5.2	-3.63168	0.38808
5.21	-3.6278	0.388806
5.22	-3.62391	0.389537
5.23	-3.62002	0.390271
5.24	-3.61611	0.391011
5.25	-3.6122	0.391754
5.26	-3.60829	0.392502
5.27	-3.60436	0.393254
5.28	-3.60043	0.39401
5.29	-3.59649	0.394771
5.3	-3.59254	0.395537
5.31	-3.58859	0.396307
5.32	-3.58462	0.397082
5.33	-3.58065	0.397862
5.34	-3.57667	0.398646
5.35	-3.57269	0.399436
5.36	-3.56869	0.400229
5.37	-3.56469	0.401028
5.38	-3.56068	0.401832
5.39	-3.55666	0.402641
5.4	-3.55263	0.403455
5.41	-3.5486	0.404274
5.42	-3.54456	0.405098
5.43	-3.54051	0.405927
5.44	-3.53645	0.406761
5.45	-3.53238	0.407601
5.46	-3.5283	0.408446
5.47	-3.52422	0.409297
5.48	-3.52013	0.410153
5.49	-3.51602	0.411014
5.5	-3.51191	0.411881
5.51	-3.5078	0.412754
5.52	-3.50367	0.413633
5.53	-3.49953	0.414517
5.54	-3.49539	0.415407
5.55	-3.49123	0.416303
5.56	-3.48707	0.417204
5.57	-3.4829	0.418112
5.58	-3.47872	0.419026
5.59	-3.47453	0.419946
5.6	-3.47033	0.420873
5.61	-3.46612	0.421805
5.62	-3.4619	0.422744
5.63	-3.45767	0.423689
5.64	-3.45344	0.424641
5.65	-3.44919	0.4256
5.66	-3.44493	0.426565
5.67	-3.44067	0.427536
5.68	-3.43639	0.428515
5.69	-3.43211	0.4295
5.7	-3.42781	0.430493
5.71	-3.42351	0.431492
5.72	-3.41919	0.432498
5.73	-3.41487	0.433512
5.74	-3.41053	0.434533
5.75	-3.40619	0.435561
5.76	-3.40183	0.436597
5.77	-3.39746	0.43764
5.78	-3.39309	0.438691
5.79	-3.3887	0.439749
5.8	-3.3843	0.440815
5.81	-3.3799	0.44189
5.82	-3.37548	0.442972
5.83	-3.37105	0.444062
5.84	-3.36661	0.44516
5.85	-3.36216	0.446267
5.86	-3.35769	0.447382
5.87	-3.35322	0.448505
5.88	-3.34873	0.449638
5.89	-3.34424	0.450778
5.9	-3.33973	0.451928
5.91	-3.33521	0.453086
5.92	-3.33068	0.454254
5.93	-3.32614	0.45543
5.94	-3.32158	0.456616
5.95	-3.31702	0.457811
5.96	-3.31244	0.459016
5.97	-3.30785	0.46023
5.98	-3.30325	0.461454
5.99	-3.29863	0.462688
6	-3.294	0.463932
6.01	-3.28937	0.465186
6.02	-3.28471	0.46645
6.03	-3.28005	0.467724
6.04	-3.27537	0.469009
6.05	-3.27068	0.470305
6.06	-3.26598	0.471611
6.07	-3.26126	0.472928
6.08	-3.25653	0.474257
6.09	-3.25179	0.475596
6.1	-3.24703	0.476947
6.11	-3.24226	0.47831
6.12	-3.23748	0.479684
6.13	-3.23268	0.48107
6.14	-3.22787	0.482468
6.15	-3.22305	0.483878
6.16	-3.21821	0.485301
6.17	-3.21336	0.486736
6.18	-3.20849	0.488184
6.19	-3.20361	0.489644
6.2	-3.19871	0.491118
6.21	-3.1938	0.492605
6.22	-3.18887	0.494105
6.23	-3.18393	0.495619
6.24	-3.17898	0.497147
6.25	-3.17401	0.498689
6.26	-3.16902	0.500245
6.27	-3.16402	0.501815
6.28	-3.159	0.5034
6.29	-3.15396	0.505
6.3	-3.14891	0.506615
6.31	-3.14385	0.508246
6.32	-3.13877	0.509891
6.33	-3.13367	0.511553
6.34	-3.12855	0.513231
6.35	-3.12342	0.514925
6.36	-3.11827	0.516635
6.37	-3.1131	0.518362
6.38	-3.10792	0.520107
6.39	-3.10272	0.521868
6.4	-3.0975	0.523647
6.41	-3.09226	0.525444
6.42	-3.08701	0.527259
6.43	-3.08174	0.529092
6.44	-3.07645	0.530944
6.45	-3.07114	0.532816
6.46	-3.06581	0.534706
6.47	-3.06046	0.536616
6.48	-3.0551	0.538546
6.49	-3.04971	0.540496
6.5	-3.0443	0.542467
6.51	-3.03888	0.544459
6.52	-3.03344	0.546472
6.53	-3.02797	0.548507
6.54	-3.02249	0.550563
6.55	-3.01698	0.552642
6.56	-3.01145	0.554744
6.57	-3.00591	0.556869
6.58	-3.00034	0.559018
6.59	-2.99475	0.561191
6.6	-2.98914	0.563388
6.61	-2.9835	0.565609
6.62	-2.97785	0.567857
6.63	-2.97217	0.570129
6.64	-2.96647	0.572428
6.65	-2.96074	0.574754
6.66	-2.95499	0.577106
6.67	-2.94922	0.579487
6.68	-2.94343	0.581895
6.69	-2.93761	0.584332
6.7	-2.93177	0.586798
6.71	-2.9259	0.589294
6.72	-2.92	0.59182
6.73	-2.91409	0.594377
6.74	-2.90814	0.596965
6.75	-2.90217	0.599586
6.76	-2.89618	0.602238
6.77	-2.89015	0.604925
6.78	-2.88411	0.607645
6.79	-2.87803	0.610399
6.8	-2.87193	0.613189
6.81	-2.86579	0.616015
6.82	-2.85963	0.618877
6.83	-2.85344	0.621777
6.84	-2.84723	0.624714
6.85	-2.84098	0.627691
6.86	-2.8347	0.630707
6.87	-2.8284	0.633764
6.88	-2.82206	0.636862
6.89	-2.81569	0.640003
6.9	-2.80929	0.643186
6.91	-2.80286	0.646413
6.92	-2.79639	0.649685
6.93	-2.7899	0.653003
6.94	-2.78337	0.656368
6.95	-2.7768	0.659781
6.96	-2.7702	0.663242
6.97	-2.76357	0.666754
6.98	-2.7569	0.670316
6.99	-2.7502	0.673931
7	-2.74346	0.677598
7.01	-2.73669	0.681321
7.02	-2.72987	0.685099
7.03	-2.72302	0.688934
7.04	-2.71613	0.692827
7.05	-2.7092	0.696781
7.06	-2.70224	0.700795
7.07	-2.69523	0.704871
7.08	-2.68818	0.709012
7.09	-2.68109	0.713218
7.1	-2.67396	0.71749
7.11	-2.66678	0.721832
7.12	-2.65956	0.726244
7.13	-2.6523	0.730727
7.14	-2.64499	0.735285
7.15	-2.63764	0.739918
7.16	-2.63024	0.744628
7.17	-2.6228	0.749418
7.18	-2.6153	0.754289
7.19	-2.60776	0.759243
7.2	-2.60017	0.764283
7.21	-2.59252	0.769411
7.22	-2.58483	0.774628
7.23	-2.57708	0.779938
7.24	-2.56928	0.785343
7.25	-2.56143	0.790846
7.26	-2.55352	0.796448
7.27	-2.54556	0.802153
7.28	-2.53754	0.807963
7.29	-2.52946	0.813881
7.3	-2.52132	0.819911
7.31	-2.51312	0.826055
7.32	-2.50486	0.832316
7.33	-2.49654	0.838698
7.34	-2.48815	0.845205
7.35	-2.4797	0.851839
7.36	-2.47118	0.858605
7.37	-2.46259	0.865507
7.38	-2.45394	0.872547
7.39	-2.44521	0.879731
7.4	-2.43641	0.887063
7.41	-2.42754	0.894546
7.42	-2.4186	0.902186
7.43	-2.40958	0.909988
7.44	-2.40048	0.917956
7.45	-2.3913	0.926096
7.46	-2.38204	0.934413
7.47	-2.37269	0.942912
7.48	-2.36326	0.951599
7.49	-2.35375	0.960481
7.5	-2.34414	0.969563
7.51	-2.33445	0.978852
7.52	-2.32466	0.988356
7.53	-2.31477	0.99808
7.54	-2.30479	1.00803
7.55	-2.29471	1.01822
7.56	-2.28453	1.02865
7.57	-2.27424	1.03934
7.58	-2.26385	1.05028
7.59	-2.25335	1.0615
7.6	-2.24273	1.07299
7.61	-2.232	1.08478
7.62	-2.22116	1.09686
7.63	-2.21019	1.10926
7.64	-2.19909	1.12198
7.65	-2.18787	1.13503
7.66	-2.17652	1.14843
7.67	-2.16504	1.16218
7.68	-2.15342	1.17631
7.69	-2.14165	1.19083
7.7	-2.12975	1.20574
7.71	-2.11769	1.22108
7.72	-2.10548	1.23684
7.73	-2.09311	1.25306
7.74	-2.08058	1.26975
7.75	-2.06788	1.28692
7.76	-2.05501	1.3046
7.77	-2.04197	1.32281
7.78	-2.02874	1.34156
7.79	-2.01532	1.36089
7.8	-2.00171	1.38081
7.81	-1.98791	1.40136
7.82	-1.97389	1.42255
7.83	-1.95967	1.44442
7.84	-1.94522	1.46699
7.85	-1.93055	1.4903
7.86	-1.91565	1.51438
7.87	-1.90051	1.53926
7.88	-1.88511	1.56499
7.89	-1.86946	1.59158
7.9	-1.85355	1.6191
7.91	-1.83736	1.64758
7.92	-1.82088	1.67707
7.93	-1.80411	1.7076
7.94	-1.78703	1.73925
7.95	-1.76964	1.77205
7.96	-1.75192	1.80606
7.97	-1.73386	1.84134
7.98	-1.71545	1.87797
7.99	-1.69667	1.91599
8	-1.67751	1.95549
8.01	-1.65795	1.99654
8.02	-1.63799	2.03921
8.03	-1.61759	2.0836
8.04	-1.59676	2.12978
8.05	-1.57546	2.17787
8.06	-1.55368	2.22795
8.07	-1.5314	2.28013
8.08	-1.5086	2.33453
8.09	-1.48526	2.39126
8.1	-1.46134	2.45046
8.11	-1.43684	2.51226
8.12	-1.41172	2.5768
8.13	-1.38595	2.64423
8.14	-1.35951	2.71472
8.15	-1.33236	2.78844
8.16	-1.30447	2.86558
8.17	-1.27582	2.94631
8.18	-1.24636	3.03086
8.19	-1.21605	3.11944
8.2	-1.18485	3.21227
8.21	-1.15273	3.3096
8.22	-1.11963	3.4117
8.23	-1.08552	3.51882
8.24	-1.05033	3.63125
8.25	-1.01402	3.74931
8.26	-0.976523	3.87329
8.27	-0.93779	4.00354
8.28	-0.897755	4.14039
8.29	-0.856351	4.28421
8.3	-0.813509	4.43536
8.31	-0.769156	4.59422
8.32	-0.723213	4.76119
8.33	-0.675601	4.93667
8.34	-0.626235	5.12103
8.35	-0.575024	5.31469
8.36	-0.521878	5.51802
8.37	-0.466697	5.73139
8.38	-0.409383	5.95514
8.39	-0.349832	6.18955
8.4	-0.287936	6.43488
8.41	-0.223588	6.6913
8.42	-0.156675	6.95887
8.43	-0.0870859	7.23757
8.44	-0.0147102	7.52721
8.45	0.0605619	7.82741
8.46	0.138836	8.13761
8.47	0.220212	8.45697
8.48	0.304782	8.78434
8.49	0.392625	9.11825
8.5	0.483808	9.4568
8.51	0.578376	9.79765
8.52	0.676352	10.138
8.53	0.777732	10.4744
8.54	0.882476	10.803
8.55	0.990506	11.1192
8.56	1.1017	11.418
8.57	1.21588	11.6938
8.58	1.33282	11.9405
8.59	1.45222	12.1517
8.6	1.57374	12.3211
8.61	1.69695	12.4422
8.62	1.82137	12.5089
8.63	1.94646	12.5159
8.64	2.07162	12.4587
8.65	2.1962	12.3341
8.66	2.31955	12.1407
8.67	2.44095	11.8785
8.68	2.55974	11.5498
8.69	2.67523	11.1584
8.7	2.78682	10.7103
8.71	2.89392	10.2128
8.72	2.99605	9.67459
8.73	3.09279	9.10523
8.74	3.18385	8.51462
8.75	3.26899	7.91261
8.76	3.34812	7.30864
8.77	3.42121	6.71132
8.78	3.48832	6.12823
8.79	3.5496	5.56573
8.8	3.60526	5.02888
8.81	3.65555	4.52147
8.82	3.70076	4.04608
8.83	3.74122	3.60419
8.84	3.77726	3.19635
8.85	3.80923	2.82231
8.86	3.83745	2.48122
8.87	3.86226	2.17172
8.88	3.88398	1.89214
8.89	3.9029	1.64057
8.9	3.91931	1.41499
8.91	3.93346	1.21333
8.92	3.94559	1.03352
8.93	3.95593	0.873561
8.94	3.96466	0.731546
8.95	3.97198	0.605675
8.96	3.97803	0.494275
8.97	3.98298	0.395804
8.98	3.98693	0.308851
8.99	3.99002	0.232135
9	3.99234	0.164497
9.01	3.99399	0.104897
9.02	3.99504	0.0524004
9.03	3.99556	0.00617531
9.04	3.99562	-0.0345198
9.05	3.99528	-0.0703432
9.06	3.99458	-0.101878
9.07	3.99356	-0.129641
9.08	3.99226	-0.154087
9.09	3.99072	-0.175618
9.1	3.98896	-0.194588
9.11	3.98702	-0.21131
9.12	3.9849	-0.226056
9.13	3.98264	-0.239069
9.14	3.98025	-0.25056
9.15	3.97775	-0.260715
9.16	3.97514	-0.269698
9.17	3.97244	-0.277651
9.18	3.96967	-0.284701
9.19	3.96682	-0.290957
9.2	3.96391	-0.296518
9.21	3.96094	-0.301467
9.22	3.95793	-0.30588
9.23	3.95487	-0.309821
9.24	3.95177	-0.313348
9.25	3.94864	-0.316512
9.26	3.94547	-0.319357
9.27	3.94228	-0.321921
9.28	3.93906	-0.324238
9.29	3.93582	-0.326339
9.3	3.93256	-0.32825
9.31	3.92927	-0.329994
9.32	3.92597	-0.33159
9.33	3.92266	-0.333058
9.34	3.91933	-0.334412
9.35	3.91598	-0.335666
9.36	3.91263	-0.336833
9.37	3.90926	-0.337923
9.38	3.90588	-0.338946
9.39	3.90249	-0.339909
9.4	3.89909	-0.34082
9.41	3.89568	-0.341686
9.42	3.89227	-0.342512
9.43	3.88884	-0.343302
9.44	3.88541	-0.344062
9.45	3.88197	-0.344795
9.46	3.87852	-0.345505
9.47	3.87506	-0.346194
9.48	3.8716	-0.346866
9.49	3.86813	-0.347522
9.5	3.86466	-0.348165
9.51	3.86118	-0.348797
9.52	3.85769	-0.349419
9.53	3.85419	-0.350032
9.54	3.85069	-0.350638
9.55	3.84719	-0.351238
9.56	3.84367	-0.351833
9.57	3.84016	-0.352424
9.58	3.83663	-0.353011
9.59	3.8331	-0.353596
9.6	3.82957	-0.354178
9.61	3.82602	-0.354759
9.62	3.82248	-0.35534
9.63	3.81892	-0.355919
9.64	3.81536	-0.356498
9.65	3.8118	-0.357078
9.66	3.80823	-0.357658
9.67	3.80465	-0.358238
9.68	3.80107	-0.35882
9.69	3.79748	-0.359402
9.7	3.79389	-0.359986
9.71	3.79029	-0.360572
9.72	3.78668	-0.36116
9.73	3.78307	-0.361749
9.74	3.77945	-0.36234
9.75	3.77583	-0.362934
9.76	3.7722	-0.363529
9.77	3.76856	-0.364127
9.78	3.76492	-0.364728
9.79	3.76128	-0.365331
9.8	3.75762	-0.365937
9.81	3.75396	-0.366545
9.82	3.7503	-0.367156
9.83	3.74663	-0.36777
9.84	3.74295	-0.368387
9.85	3.73926	-0.369007
9.86	3.73557	-0.36963
9.87	3.73188	-0.370256
9.88	3.72818	-0.370885
9.89	3.72447	-0.371517
9.9	3.72075	-0.372153
9.91	3.71703	-0.372791
9.92	3.7133	-0.373433
9.93	3.70957	-0.374078
9.94	3.70583	-0.374727
9.95	3.70208	-0.375379
9.96	3.69833	-0.376035
9.97	3.69457	-0.376694
9.98	3.6908	-0.377356
9.99	3.68703	-0.378022
10	3.68324	-0.378692
10.01	3.67946	-0.379365
10.02	3.67566	-0.380042
10.03	3.67186	-0.380723
10.04	3.66806	-0.381408
10.05	3.66424	-0.382096
10.06	3.66042	-0.382788
10.07	3.65659	-0.383484
10.08	3.65276	-0.384184
10.09	3.64892	-0.384888
10.1	3.64507	-0.385596
10.11	3.64121	-0.386308
10.12	3.63735	-0.387024
10.13	3.63348	-0.387744
10.14	3.6296	-0.388469
10.15	3.62572	-0.389197
10.16	3.62182	-0.38993
10.17	3.61793	-0.390667
10.18	3.61402	-0.391408
10.19	3.6101	-0.392154
10.2	3.60618	-0.392904
10.21	3.60225	-0.393659
10.22	3.59832	-0.394418
10.23	3.59437	-0.395181
10.24	3.59042	-0.395949
10.25	3.58646	-0.396722
10.26	3.58249	-0.3975
10.27	3.57852	-0.398282
10.28	3.57454	-0.399069
10.29	3.57055	-0.39986
10.3	3.56655	-0.400657
10.31	3.56254	-0.401459
10.32	3.55853	-0.402265
10.33	3.5545	-0.403076
10.34	3.55047	-0.403893
10.35	3.54643	-0.404715
10.36	3.54239	-0.405541
10.37	3.53833	-0.406374
10.38	3.53427	-0.407211
10.39	3.5302	-0.408053
10.4	3.52612	-0.408901
10.41	3.52203	-0.409755
10.42	3.51793	-0.410614
10.43	3.51382	-0.411478
10.44	3.50971	-0.412348
10.45	3.50558	-0.413224
10.46	3.50145	-0.414106
10.47	3.49731	-0.414993
10.48	3.49316	-0.415886
10.49	3.489	-0.416785
10.5	3.48483	-0.41769
10.51	3.48066	-0.418601
10.52	3.47647	-0.419519
10.53	3.47228	-0.420442
10.54	3.46807	-0.421372
10.55	3.46386	-0.422308
10.56	3.45964	-0.42325
10.57	3.4554	-0.424199
10.58	3.45116	-0.425154
10.59	3.44691	-0.426116
10.6	3.44265	-0.427085
10.61	3.43838	-0.42806
10.62	3.4341	-0.429042
10.63	3.42981	-0.430031
10.64	3.42551	-0.431027
10.65	3.4212	-0.43203
10.66	3.41688	-0.433041
10.67	3.41254	-0.434058
10.68	3.4082	-0.435083
10.69	3.40385	-0.436115
10.7	3.39949	-0.437155
10.71	3.39512	-0.438202
10.72	3.39074	-0.439257
10.73	3.38635	-0.44032
10.74	3.38194	-0.44139
10.75	3.37753	-0.442469
10.76	3.3731	-0.443555
10.77	3.36867	-0.44465
10.78	3.36422	-0.445752
10.79	3.35976	-0.446864
10.8	3.3553	-0.447983
10.81	3.35082	-0.449111
10.82	3.34633	-0.450248
10.83	3.34182	-0.451393
10.84	3.33731	-0.452548
10.85	3.33278	-0.453711
10.86	3.32825	-0.454883
10.87	3.3237	-0.456065
10.88	3.31914	-0.457256
10.89	3.31456	-0.458456
10.9	3.30998	-0.459666
10.91	3.30538	-0.460885
10.92	3.30077	-0.462114
10.93	3.29615	-0.463353
10.94	3.29152	-0.464603
10.95	3.28687	-0.465862
10.96	3.28221	-0.467131
10.97	3.27754	-0.468412
10.98	3.27286	-0.469702
10.99	3.26816	-0.471004
11	3.26345	-0.472316
11.01	3.25873	-0.473639
11.02	3.25399	-0.474973
11.03	3.24924	-0.476319
11.04	3.24448	-0.477676
11.05	3.2397	-0.479045
11.06	3.23491	-0.480425
11.07	3.23011	-0.481818
11.08	3.22529	-0.483222
11.09	3.22046	-0.484639
11.1	3.21561	-0.486068
11.11	3.21075	-0.48751
11.12	3.20588	-0.488965
11.13	3.20099	-0.490432
11.14	3.19608	-0.491913
11.15	3.19116	-0.493407
11.16	3.18623	-0.494915
11.17	3.18128	-0.496436
11.18	3.17631	-0.497971
11.19	3.17134	-0.499521
11.2	3.16634	-0.501085
11.21	3.16133	-0.502663
11.22	3.1563	-0.504256
11.23	3.15126	-0.505864
11.24	3.1462	-0.507487
11.25	3.14113	-0.509126
11.26	3.13604	-0.51078
11.27	3.13093	-0.51245
11.28	3.1258	-0.514137
11.29	3.12066	-0.515839
11.3	3.1155	-0.517559
11.31	3.11033	-0.519295
11.32	3.10513	-0.521048
11.33	3.09992	-0.522819
11.34	3.0947	-0.524608
11.35	3.08945	-0.526414
11.36	3.08419	-0.528239
11.37	3.0789	-0.530083
11.38	3.0736	-0.531945
11.39	3.06828	-0.533826
11.4	3.06294	-0.535727
11.41	3.05759	-0.537648
11.42	3.05221	-0.539589
11.43	3.04682	-0.54155
11.44	3.0414	-0.543532
11.45	3.03596	-0.545535
11.46	3.03051	-0.54756
11.47	3.02503	-0.549606
11.48	3.01954	-0.551675
11.49	3.01402	-0.553766
11.5	3.00848	-0.55588
11.51	3.00292	-0.558018
11.52	2.99734	-0.56018
11.53	2.99174	-0.562365
11.54	2.98612	-0.564575
11.55	2.98047	-0.566811
11.56	2.9748	-0.569071
11.57	2.96911	-0.571358
11.58	2.9634	-0.573671
11.59	2.95766	-0.576011
11.6	2.9519	-0.578379
11.61	2.94612	-0.580774
11.62	2.94031	-0.583198
11.63	2.93448	-0.58565
11.64	2.92862	-0.588132
11.65	2.92274	-0.590644
11.66	2.91684	-0.593187
11.67	2.9109	-0.59576
11.68	2.90495	-0.598366
11.69	2.89896	-0.601003
11.7	2.89295	-0.603674
11.71	2.88692	-0.606378
11.72	2.88085	-0.609117
11.73	2.87476	-0.61189
11.74	2.86864	-0.614699
11.75	2.8625	-0.617544
11.76	2.85632	-0.620426
11.77	2.85012	-0.623346
11.78	2.84388	-0.626305
11.79	2.83762	-0.629303
11.8	2.83133	-0.632341
11.81	2.825	-0.635419
11.82	2.81865	-0.63854
11.83	2.81226	-0.641703
11.84	2.80585	-0.64491
11.85	2.7994	-0.648161
11.86	2.79292	-0.651458
11.87	2.7864	-0.654801
11.88	2.77985	-0.658191
11.89	2.77327	-0.66163
11.9	2.76665	-0.665118
11.91	2.76	-0.668657
11.92	2.75332	-0.672247
11.93	2.74659	-0.67589
11.94	2.73984	-0.679587
11.95	2.73304	-0.683339
11.96	2.72621	-0.687147
11.97	2.71933	-0.691014
11.98	2.71242	-0.694939
11.99	2.70547	-0.698924
12	2.69849	-0.702972
12.01	2.69146	-0.707082
12.02	2.68439	-0.711258
12.03	2.67727	-0.715499
12.04	2.67012	-0.719809
12.05	2.66292	-0.724188
12.06	2.65568	-0.728638
12.07	2.64839	-0.733161
12.08	2.64106	-0.737758
12.09	2.63368	-0.742432
12.1	2.62626	-0.747185
12.11	2.61879	-0.752018
12.12	2.61127	-0.756933
12.13	2.6037	-0.761933
12.14	2.59608	-0.76702
12.15	2.58841	-0.772196
12.16	2.58068	-0.777463
12.17	2.57291	-0.782823
12.18	2.56508	-0.78828
12.19	2.5572	-0.793836
12.2	2.54926	-0.799492
12.21	2.54127	-0.805253
12.22	2.53321	-0.811121
12.23	2.5251	-0.817099
12.24	2.51693	-0.823189
12.25	2.5087	-0.829396
12.26	2.50041	-0.835722
12.27	2.49205	-0.84217
12.28	2.48363	-0.848745
12.29	2.47514	-0.855449
12.3	2.46658	-0.862287
12.31	2.45796	-0.869263
12.32	2.44927	-0.876379
12.33	2.44051	-0.883642
12.34	2.43167	-0.891054
12.35	2.42276	-0.898621
12.36	2.41377	-0.906348
12.37	2.40471	-0.914238
12.38	2.39557	-0.922297
12.39	2.38634	-0.930531
12.4	2.37704	-0.938945
12.41	2.36765	-0.947544
12.42	2.35817	-0.956335
12.43	2.34861	-0.965323
12.44	2.33896	-0.974516
12.45	2.32921	-0.983919
12.46	2.31937	-0.99354
12.47	2.30944	-1.00339
12.48	2.2994	-1.01346
12.49	2.28927	-1.02378
12.5	2.27903	-1.03435
12.51	2.26869	-1.04517
12.52	2.25824	-1.05626
12.53	2.24767	-1.06763
12.54	2.237	-1.07927
12.55	2.2262	-1.09122
12.56	2.21529	-1.10347
12.57	2.20426	-1.11604
12.58	2.1931	-1.12893
12.59	2.18181	-1.14217
12.6	2.17039	-1.15575
12.61	2.15883	-1.16971
12.62	2.14713	-1.18404
12.63	2.13529	-1.19877
12.64	2.1233	-1.21391
12.65	2.11116	-1.22947
12.66	2.09887	-1.24548
12.67	2.08641	-1.26194
12.68	2.07379	-1.27889
12.69	2.06101	-1.29633
12.7	2.04804	-1.31429
12.71	2.0349	-1.33279
12.72	2.02157	-1.35185
12.73	2.00805	-1.37149
12.74	1.99434	-1.39175
12.75	1.98042	-1.41263
12.76	1.96629	-1.43419
12.77	1.95195	-1.45643
12.78	1.93739	-1.47939
12.79	1.92259	-1.50311
12.8	1.90756	-1.52762
12.81	1.89229	-1.55294
12.82	1.87676	-1.57913
12.83	1.86097	-1.60622
12.84	1.8449	-1.63424
12.85	1.82856	-1.66326
12.86	1.81193	-1.6933
12.87	1.795	-1.72442
12.88	1.77775	-1.75668
12.89	1.76019	-1.79012
12.9	1.74228	-1.82481
12.91	1.72404	-1.8608
12.92	1.70543	-1.89817
12.93	1.68645	-1.93697
12.94	1.66708	-1.97729
12.95	1.6473	-2.0192
12.96	1.62711	-2.06278
12.97	1.60648	-2.10812
12.98	1.5854	-2.15531
12.99	1.56385	-2.20445
13	1.5418	-2.25565
13.01	1.51925	-2.309
13.02	1.49616	-2.36464
13.03	1.47251	-2.42267
13.04	1.44829	-2.48325
13.05	1.42345	-2.5465
13.06	1.39799	-2.61257
13.07	1.37186	-2.68162
13.08	1.34505	-2.75382
13.09	1.31751	-2.82935
13.1	1.28921	-2.90839
13.11	1.26013	-2.99114
13.12	1.23022	-3.07782
13.13	1.19944	-3.16865
13.14	1.16775	-3.26386
13.15	1.13512	-3.36371
13.16	1.10148	-3.46847
13.17	1.06679	-3.5784
13.18	1.03101	-3.69381
13.19	0.994072	-3.815
13.2	0.955922	-3.9423
13.21	0.916499	-4.07604
13.22	0.875738	-4.21658
13.23	0.833572	-4.36428
13.24	0.789929	-4.51952
13.25	0.744734	-4.68268
13.26	0.697907	-4.85416
13.27	0.649366	-5.03435
13.28	0.599022	-5.22365
13.29	0.546786	-5.42245
13.3	0.492561	-5.63111
13.31	0.43625	-5.85001
13.32	0.37775	-6.07944
13.33	0.316956	-6.31967
13.34	0.253759	-6.57093
13.35	0.18805	-6.83332
13.36	0.119717	-7.10687
13.37	0.0486478	-7.39147
13.38	-0.0252669	-7.68683
13.39	-0.102135	-7.99248
13.4	-0.18206	-8.30771
13.41	-0.265137	-8.63152
13.42	-0.351452	-8.96261
13.43	-0.441078	-9.29926
13.44	-0.534071	-9.63937
13.45	-0.630465	-9.98032
13.46	-0.730268	-10.319
13.47	-0.833458	-10.6518
13.48	-0.939976	-10.9743
13.49	-1.04972	-11.2819
13.5	-1.16254	-11.569
13.51	-1.27823	-11.83
13.52	-1.39653	-12.0585
13.53	-1.51711	-12.2481
13.54	-1.63959	-12.3924
13.55	-1.76352	-12.4851
13.56	-1.88837	-12.5204
13.57	-2.01357	-12.4934
13.58	-2.13851	-12.4004
13.59	-2.26251	-12.239
13.6	-2.3849	-12.0086
13.61	-2.50499	-11.7104
13.62	-2.62209	-11.3474
13.63	-2.73557	-10.9248
13.64	-2.84481	-10.4492
13.65	-2.94931	-9.92878
13.66	-3.04859	-9.37267
13.67	-3.14232	-8.79068
13.68	-3.23023	-8.19276
13.69	-3.31215	-7.58857
13.7	-3.38804	-6.98715
13.71	-3.45791	-6.3966
13.72	-3.52188	-5.82383
13.73	-3.58012	-5.27453
13.74	-3.63286	-4.75307
13.75	-3.68039	-4.26257
13.76	-3.72302	-3.80501
13.77	-3.76107	-3.38136
13.78	-3.79488	-2.99171
13.79	-3.8248	-2.63547
13.8	-3.85115	-2.3115
13.81	-3.87427	-2.01826
13.82	-3.89445	-1.75395
13.83	-3.91199	-1.51656
13.84	-3.92716	-1.30406
13.85	-3.9402	-1.11437
13.86	-3.95134	-0.94544
13.87	-3.96079	-0.79533
13.88	-3.96875	-0.662184
13.89	-3.97537	-0.544269
13.9	-3.98081	-0.439982
13.91	-3.98521	-0.347851
13.92	-3.98869	-0.266536
13.93	-3.99136	-0.194823
13.94	-3.9933	-0.131615
13.95	-3.99462	-0.0759317
13.96	-3.99538	-0.0268942
13.97	-3.99565	0.0162803
13.98	-3.99549	0.0542874
13.99	-3.99494	0.0877443
14	-3.99407	0.117197
14.01	-3.99289	0.143129
14.02	-3.99146	0.165966
14.03	-3.9898	0.186083
14.04	-3.98794	0.203812
14.05	-3.9859	0.219443
14.06	-3.98371	0.233232
14.07	-3.98138	0.245405
14.08	-3.97892	0.256158
14.09	-3.97636	0.265666
14.1	-3.97371	0.27408
14.11	-3.97096	0.281534
14.12	-3.96815	0.288146
14.13	-3.96527	0.294019
14.14	-3.96233	0.299242
14.15	-3.95933	0.303894
14.16	-3.9563	0.308047
14.17	-3.95322	0.31176
14.18	-3.9501	0.315086
14.19	-3.94695	0.318074
14.2	-3.94377	0.320763
14.21	-3.94056	0.323191
14.22	-3.93733	0.325389
14.23	-3.93407	0.327385
14.24	-3.9308	0.329204
14.25	-3.92751	0.330866
14.26	-3.9242	0.332392
14.27	-3.92087	0.333797
14.28	-3.91754	0.335096
14.29	-3.91419	0.336302
14.3	-3.91082	0.337427
14.31	-3.90745	0.338479
14.32	-3.90406	0.339469
14.33	-3.90067	0.340404
14.34	-3.89726	0.34129
14.35	-3.89385	0.342133
14.36	-3.89043	0.342939
14.37	-3.887	0.343713
14.38	-3.88356	0.344458
14.39	-3.88012	0.345178
14.4	-3.87667	0.345877
14.41	-3.87321	0.346556
14.42	-3.86974	0.34722
14.43	-3.86627	0.347869
14.44	-3.86279	0.348505
14.45	-3.85931	0.349131
14.46	-3.85582	0.349748
14.47	-3.85232	0.350357
14.48	-3.84881	0.35096
14.49	-3.84531	0.351557
14.5	-3.84179	0.35215
14.51	-3.83827	0.352739
14.52	-3.83474	0.353325
14.53	-3.83121	0.353908
14.54	-3.82767	0.35449
14.55	-3.82412	0.35507
14.56	-3.82057	0.35565
14.57	-3.81702	0.356229
14.58	-3.81345	0.356809
14.59	-3.80989	0.357388
14.6	-3.80631	0.357969
14.61	-3.80273	0.35855
14.62	-3.79915	0.359132
14.63	-3.79556	0.359715
14.64	-3.79196	0.3603
14.65	-3.78836	0.360887
14.66	-3.78475	0.361475
14.67	-3.78113	0.362066
14.68	-3.77751	0.362658
14.69	-3.77388	0.363253
14.7	-3.77025	0.36385
14.71	-3.76661	0.364449
14.72	-3.76297	0.365051
14.73	-3.75932	0.365655
14.74	-3.75566	0.366263
14.75	-3.752	0.366872
14.76	-3.74833	0.367485
14.77	-3.74466	0.368101
14.78	-3.74097	0.368719
14.79	-3.73729	0.369341
14.8	-3.73359	0.369965
14.81	-3.72989	0.370593
14.82	-3.72619	0.371223
14.83	-3.72248	0.371857
14.84	-3.71876	0.372494
14.85	-3.71503	0.373135
14.86	-3.7113	0.373779
14.87	-3.70756	0.374426
14.88	-3.70382	0.375076
14.89	-3.70007	0.37573
14.9	-3.69631	0.376387
14.91	-3.69255	0.377048
14.92	-3.68878	0.377713
14.93	-3.685	0.378381
14.94	-3.68122	0.379052
14.95	-3.67743	0.379728
14.96	-3.67363	0.380407
14.97	-3.66982	0.38109
14.98	-3.66601	0.381776
14.99	-3.6622	0.382467
