0	1.8	0
0.01	1.8	-0.00973848
0.02	1.7999	-0.0194772
0.03	1.79971	-0.0292163
0.04	1.79942	-0.0389561
0.05	1.79903	-0.0486968
0.06	1.79854	-0.0584386
0.07	1.79795	-0.0681817
0.08	1.79727	-0.0779263
0.09	1.79649	-0.0876727
0.1	1.79562	-0.097421
0.11	1.79464	-0.107172
0.12	1.79357	-0.116924
0.13	1.7924	-0.12668
0.14	1.79113	-0.136438
0.15	1.78977	-0.146199
0.16	1.78831	-0.155964
0.17	1.78675	-0.165731
0.18	1.78509	-0.175503
0.19	1.78334	-0.185278
0.2	1.78148	-0.195057
0.21	1.77953	-0.204839
0.22	1.77748	-0.214627
0.23	1.77534	-0.224418
0.24	1.77309	-0.234214
0.25	1.77075	-0.244015
0.26	1.76831	-0.253821
0.27	1.76577	-0.263631
0.28	1.76314	-0.273447
0.29	1.7604	-0.283267
0.3	1.75757	-0.293094
0.31	1.75464	-0.302925
0.32	1.75161	-0.312762
0.33	1.74848	-0.322605
0.34	1.74526	-0.332453
0.35	1.74193	-0.342307
0.36	1.73851	-0.352166
0.37	1.73499	-0.362032
0.38	1.73137	-0.371903
0.39	1.72765	-0.381781
0.4	1.72383	-0.391664
0.41	1.71991	-0.401553
0.42	1.7159	-0.411448
0.43	1.71178	-0.421348
0.44	1.70757	-0.431255
0.45	1.70326	-0.441167
0.46	1.69885	-0.451085
0.47	1.69434	-0.461009
0.48	1.68972	-0.470939
0.49	1.68502	-0.480873
0.5	1.68021	-0.490814
0.51	1.6753	-0.500759
0.52	1.67029	-0.51071
0.53	1.66518	-0.520665
0.54	1.65998	-0.530625
0.55	1.65467	-0.54059
0.56	1.64927	-0.55056
0.57	1.64376	-0.560533
0.58	1.63815	-0.57051
0.59	1.63245	-0.580491
0.6	1.62664	-0.590476
0.61	1.62074	-0.600463
0.62	1.61473	-0.610454
0.63	1.60863	-0.620446
0.64	1.60243	-0.630441
0.65	1.59612	-0.640438
0.66	1.58972	-0.650436
0.67	1.58321	-0.660436
0.68	1.57661	-0.670435
0.69	1.5699	-0.680435
0.7	1.5631	-0.690435
0.71	1.5562	-0.700434
0.72	1.54919	-0.710432
0.73	1.54209	-0.720428
0.74	1.53488	-0.730421
0.75	1.52758	-0.740412
0.76	1.52017	-0.750399
0.77	1.51267	-0.760382
0.78	1.50507	-0.770361
0.79	1.49736	-0.780334
0.8	1.48956	-0.790301
0.81	1.48166	-0.800261
0.82	1.47365	-0.810214
0.83	1.46555	-0.820158
0.84	1.45735	-0.830094
0.85	1.44905	-0.84002
0.86	1.44065	-0.849936
0.87	1.43215	-0.85984
0.88	1.42355	-0.869731
0.89	1.41485	-0.87961
0.9	1.40606	-0.889475
0.91	1.39716	-0.899324
0.92	1.38817	-0.909158
0.93	1.37908	-0.918975
0.94	1.36989	-0.928774
0.95	1.3606	-0.938554
0.96	1.35122	-0.948313
0.97	1.34173	-0.958052
0.98	1.33215	-0.967769
0.99	1.32247	-0.977462
1	1.3127	-0.987131
1.01	1.30283	-0.996774
1.02	1.29286	-1.00639
1.03	1.2828	-1.01598
1.04	1.27264	-1.02554
1.05	1.26238	-1.03507
1.06	1.25203	-1.04456
1.07	1.24158	-1.05402
1.08	1.23104	-1.06345
1.09	1.22041	-1.07285
1.1	1.20968	-1.0822
1.11	1.19886	-1.09152
1.12	1.18794	-1.10079
1.13	1.17694	-1.11003
1.14	1.16584	-1.11922
1.15	1.15464	-1.12836
1.16	1.14336	-1.13746
1.17	1.13199	-1.14652
1.18	1.12052	-1.15552
1.19	1.10897	-1.16447
1.2	1.09732	-1.17337
1.21	1.08559	-1.18222
1.22	1.07376	-1.19101
1.23	1.06185	-1.19974
1.24	1.04986	-1.20841
1.25	1.03777	-1.21703
1.26	1.0256	-1.22558
1.27	1.01335	-1.23406
1.28	1.00101	-1.24248
1.29	0.988581	-1.25084
1.3	0.976073	-1.25912
1.31	0.963482	-1.26733
1.32	0.950809	-1.27547
1.33	0.938054	-1.28353
1.34	0.925218	-1.29152
1.35	0.912303	-1.29943
1.36	0.899309	-1.30726
1.37	0.886236	-1.31501
1.38	0.873086	-1.32267
1.39	0.85986	-1.33025
1.4	0.846557	-1.33774
1.41	0.83318	-1.34514
1.42	0.819728	-1.35245
1.43	0.806204	-1.35966
1.44	0.792607	-1.36679
1.45	0.778939	-1.37381
1.46	0.765201	-1.38074
1.47	0.751394	-1.38757
1.48	0.737518	-1.39429
1.49	0.723575	-1.40091
1.5	0.709566	-1.40743
1.51	0.695492	-1.41383
1.52	0.681354	-1.42013
1.53	0.667152	-1.42632
1.54	0.652889	-1.43239
1.55	0.638565	-1.43835
1.56	0.624182	-1.4442
1.57	0.60974	-1.44993
1.58	0.59524	-1.45553
1.59	0.580685	-1.46102
1.6	0.566075	-1.46638
1.61	0.551411	-1.47162
1.62	0.536695	-1.47673
1.63	0.521928	-1.48172
1.64	0.50711	-1.48658
1.65	0.492245	-1.4913
1.66	0.477332	-1.4959
1.67	0.462373	-1.50036
1.68	0.447369	-1.50468
1.69	0.432322	-1.50887
1.7	0.417233	-1.51292
1.71	0.402104	-1.51684
1.72	0.386936	-1.52061
1.73	0.37173	-1.52424
1.74	0.356487	-1.52773
1.75	0.34121	-1.53108
1.76	0.325899	-1.53428
1.77	0.310556	-1.53734
1.78	0.295183	-1.54025
1.79	0.279781	-1.54301
1.8	0.26435	-1.54562
1.81	0.248894	-1.54808
1.82	0.233413	-1.5504
1.83	0.217909	-1.55256
1.84	0.202384	-1.55457
1.85	0.186838	-1.55643
1.86	0.171274	-1.55813
1.87	0.155693	-1.55968
1.88	0.140096	-1.56108
1.89	0.124485	-1.56232
1.9	0.108862	-1.56341
1.91	0.0932277	-1.56434
1.92	0.0775843	-1.56511
1.93	0.0619332	-1.56573
1.94	0.0462759	-1.56619
1.95	0.030614	-1.5665
1.96	0.014949	-1.56665
1.97	-0.000717517	-1.56664
1.98	-0.0163839	-1.56648
1.99	-0.0320487	-1.56616
2	-0.0477103	-1.56568
2.01	-0.0633671	-1.56505
2.02	-0.0790176	-1.56426
2.03	-0.0946602	-1.56331
2.04	-0.110293	-1.56221
2.05	-0.125915	-1.56096
2.06	-0.141525	-1.55955
2.07	-0.15712	-1.55798
2.08	-0.1727	-1.55626
2.09	-0.188263	-1.55439
2.1	-0.203807	-1.55237
2.11	-0.21933	-1.55019
2.12	-0.234832	-1.54786
2.13	-0.250311	-1.54539
2.14	-0.265765	-1.54276
2.15	-0.281193	-1.53999
2.16	-0.296592	-1.53706
2.17	-0.311963	-1.53399
2.18	-0.327303	-1.53078
2.19	-0.342611	-1.52742
2.2	-0.357885	-1.52392
2.21	-0.373124	-1.52027
2.22	-0.388327	-1.51649
2.23	-0.403492	-1.51256
2.24	-0.418617	-1.50849
2.25	-0.433702	-1.50429
2.26	-0.448745	-1.49995
2.27	-0.463745	-1.49548
2.28	-0.478699	-1.49087
2.29	-0.493608	-1.48614
2.3	-0.50847	-1.48127
2.31	-0.523282	-1.47627
2.32	-0.538045	-1.47115
2.33	-0.552756	-1.4659
2.34	-0.567415	-1.46052
2.35	-0.582021	-1.45502
2.36	-0.596571	-1.44941
2.37	-0.611065	-1.44367
2.38	-0.625502	-1.43781
2.39	-0.63988	-1.43184
2.4	-0.654198	-1.42576
2.41	-0.668456	-1.41956
2.42	-0.682651	-1.41325
2.43	-0.696784	-1.40683
2.44	-0.710852	-1.40031
2.45	-0.724855	-1.39368
2.46	-0.738792	-1.38694
2.47	-0.752661	-1.38011
2.48	-0.766463	-1.37317
2.49	-0.780194	-1.36614
2.5	-0.793856	-1.35901
2.51	-0.807446	-1.35178
2.52	-0.820964	-1.34446
2.53	-0.834408	-1.33706
2.54	-0.847779	-1.32956
2.55	-0.861074	-1.32197
2.56	-0.874294	-1.3143
2.57	-0.887437	-1.30655
2.58	-0.900502	-1.29871
2.59	-0.91349	-1.29079
2.6	-0.926398	-1.2828
2.61	-0.939226	-1.27473
2.62	-0.951973	-1.26658
2.63	-0.964639	-1.25836
2.64	-0.977222	-1.25007
2.65	-0.989723	-1.24172
2.66	-1.00214	-1.23329
2.67	-1.01447	-1.2248
2.68	-1.02672	-1.21624
2.69	-1.03888	-1.20762
2.7	-1.05096	-1.19894
2.71	-1.06295	-1.19021
2.72	-1.07485	-1.18141
2.73	-1.08667	-1.17256
2.74	-1.09839	-1.16366
2.75	-1.11003	-1.1547
2.76	-1.12157	-1.14569
2.77	-1.13303	-1.13663
2.78	-1.1444	-1.12753
2.79	-1.15567	-1.11838
2.8	-1.16686	-1.10918
2.81	-1.17795	-1.09994
2.82	-1.18895	-1.09066
2.83	-1.19985	-1.08134
2.84	-1.21067	-1.07199
2.85	-1.22139	-1.06259
2.86	-1.23201	-1.05316
2.87	-1.24255	-1.04369
2.88	-1.25298	-1.03419
2.89	-1.26332	-1.02466
2.9	-1.27357	-1.0151
2.91	-1.28372	-1.00551
2.92	-1.29378	-0.995892
2.93	-1.30374	-0.986246
2.94	-1.3136	-0.976575
2.95	-1.32336	-0.96688
2.96	-1.33303	-0.957161
2.97	-1.3426	-0.94742
2.98	-1.35208	-0.937659
2.99	-1.36146	-0.927877
3	-1.37073	-0.918076
3.01	-1.37991	-0.908258
3.02	-1.389	-0.898423
3.03	-1.39798	-0.888572
3.04	-1.40687	-0.878706
3.05	-1.41565	-0.868826
3.06	-1.42434	-0.858933
3.07	-1.43293	-0.849028
3.08	-1.44142	-0.839111
3.09	-1.44981	-0.829184
3.1	-1.45811	-0.819248
3.11	-1.4663	-0.809302
3.12	-1.47439	-0.799349
3.13	-1.48238	-0.789388
3.14	-1.49028	-0.77942
3.15	-1.49807	-0.769447
3.16	-1.50577	-0.759468
3.17	-1.51336	-0.749484
3.18	-1.52086	-0.739497
3.19	-1.52825	-0.729506
3.2	-1.53555	-0.719512
3.21	-1.54274	-0.709516
3.22	-1.54984	-0.699518
3.23	-1.55683	-0.689519
3.24	-1.56373	-0.679519
3.25	-1.57052	-0.669519
3.26	-1.57722	-0.65952
3.27	-1.58381	-0.64952
3.28	-1.59031	-0.639522
3.29	-1.5967	-0.629526
3.3	-1.603	-0.619531
3.31	-1.60919	-0.609538
3.32	-1.61529	-0.599548
3.33	-1.62128	-0.589561
3.34	-1.62718	-0.579577
3.35	-1.63298	-0.569596
3.36	-1.63867	-0.559619
3.37	-1.64427	-0.549646
3.38	-1.64976	-0.539677
3.39	-1.65516	-0.529713
3.4	-1.66046	-0.519753
3.41	-1.66566	-0.509798
3.42	-1.67075	-0.499848
3.43	-1.67575	-0.489903
3.44	-1.68065	-0.479963
3.45	-1.68545	-0.470029
3.46	-1.69015	-0.4601
3.47	-1.69475	-0.450177
3.48	-1.69925	-0.440259
3.49	-1.70366	-0.430347
3.5	-1.70796	-0.420441
3.51	-1.71216	-0.410541
3.52	-1.71627	-0.400647
3.53	-1.72028	-0.390758
3.54	-1.72418	-0.380876
3.55	-1.72799	-0.370999
3.56	-1.7317	-0.361128
3.57	-1.73531	-0.351263
3.58	-1.73883	-0.341404
3.59	-1.74224	-0.33155
3.6	-1.74556	-0.321703
3.61	-1.74877	-0.311861
3.62	-1.75189	-0.302024
3.63	-1.75491	-0.292193
3.64	-1.75783	-0.282368
3.65	-1.76066	-0.272547
3.66	-1.76338	-0.262732
3.67	-1.76601	-0.252922
3.68	-1.76854	-0.243117
3.69	-1.77097	-0.233317
3.7	-1.7733	-0.223521
3.71	-1.77554	-0.21373
3.72	-1.77768	-0.203943
3.73	-1.77972	-0.194161
3.74	-1.78166	-0.184382
3.75	-1.7835	-0.174608
3.76	-1.78525	-0.164837
3.77	-1.7869	-0.155069
3.78	-1.78845	-0.145305
3.79	-1.7899	-0.135544
3.8	-1.79126	-0.125786
3.81	-1.79251	-0.116031
3.82	-1.79367	-0.106278
3.83	-1.79474	-0.096528
3.84	-1.7957	-0.0867799
3.85	-1.79657	-0.0770337
3.86	-1.79734	-0.0672892
3.87	-1.79801	-0.0575462
3.88	-1.79859	-0.0478045
3.89	-1.79907	-0.0380639
3.9	-1.79945	-0.0283242
3.91	-1.79973	-0.0185851
3.92	-1.79992	-0.00884645
3.93	-1.8	0.000892018
3.94	-1.8	0.0106305
3.95	-1.79989	0.0203692
3.96	-1.79969	0.0301084
3.97	-1.79938	0.0398483
3.98	-1.79899	0.0495891
3.99	-1.79849	0.059331
4	-1.7979	0.0690742
4.01	-1.79721	0.078819
4.02	-1.79642	0.0885655
4.03	-1.79553	0.0983141
4.04	-1.79455	0.108065
4.05	-1.79347	0.117818
4.06	-1.79229	0.127574
4.07	-1.79101	0.137332
4.08	-1.78964	0.147094
4.09	-1.78817	0.156858
4.1	-1.7866	0.166626
4.11	-1.78493	0.176398
4.12	-1.78317	0.186173
4.13	-1.78131	0.195952
4.14	-1.77935	0.205736
4.15	-1.77729	0.215523
4.16	-1.77514	0.225315
4.17	-1.77288	0.235112
4.18	-1.77053	0.244913
4.19	-1.76808	0.254719
4.2	-1.76554	0.26453
4.21	-1.76289	0.274346
4.22	-1.76015	0.284167
4.23	-1.75731	0.293994
4.24	-1.75437	0.303826
4.25	-1.75133	0.313663
4.26	-1.74819	0.323506
4.27	-1.74496	0.333355
4.28	-1.74162	0.34321
4.29	-1.73819	0.35307
4.3	-1.73466	0.362936
4.31	-1.73103	0.372808
4.32	-1.7273	0.382686
4.33	-1.72348	0.392569
4.34	-1.71955	0.402459
4.35	-1.71553	0.412354
4.36	-1.7114	0.422256
4.37	-1.70718	0.432163
4.38	-1.70286	0.442076
4.39	-1.69844	0.451994
4.4	-1.69392	0.461919
4.41	-1.6893	0.471848
4.42	-1.68458	0.481784
4.43	-1.67976	0.491724
4.44	-1.67484	0.50167
4.45	-1.66983	0.511621
4.46	-1.66471	0.521577
4.47	-1.6595	0.531538
4.48	-1.65418	0.541503
4.49	-1.64877	0.551473
4.5	-1.64325	0.561447
4.51	-1.63764	0.571424
4.52	-1.63192	0.581406
4.53	-1.62611	0.59139
4.54	-1.62019	0.601378
4.55	-1.61418	0.611369
4.56	-1.60807	0.621362
4.57	-1.60185	0.631357
4.58	-1.59554	0.641354
4.59	-1.58913	0.651352
4.6	-1.58261	0.661352
4.61	-1.576	0.671351
4.62	-1.56928	0.681351
4.63	-1.56247	0.691351
4.64	-1.55556	0.70135
4.65	-1.54854	0.711347
4.66	-1.54143	0.721343
4.67	-1.53422	0.731336
4.68	-1.5269	0.741327
4.69	-1.51949	0.751314
4.7	-1.51198	0.761296
4.71	-1.50436	0.771274
4.72	-1.49665	0.781247
4.73	-1.48884	0.791213
4.74	-1.48093	0.801173
4.75	-1.47292	0.811125
4.76	-1.4648	0.821069
4.77	-1.45659	0.831004
4.78	-1.44828	0.840929
4.79	-1.43987	0.850843
4.8	-1.43137	0.860746
4.81	-1.42276	0.870637
4.82	-1.41405	0.880514
4.83	-1.40525	0.890377
4.84	-1.39634	0.900226
4.85	-1.38734	0.910058
4.86	-1.37824	0.919873
4.87	-1.36904	0.92967
4.88	-1.35974	0.939448
4.89	-1.35035	0.949206
4.9	-1.34086	0.958943
4.91	-1.33127	0.968658
4.92	-1.32158	0.978349
4.93	-1.3118	0.988015
4.94	-1.30192	0.997656
4.95	-1.29194	1.00727
4.96	-1.28187	1.01686
4.97	-1.2717	1.02641
4.98	-1.26144	1.03594
4.99	-1.25108	1.04543
5	-1.24062	1.05489
5.01	-1.23007	1.06431
5.02	-1.21943	1.0737
5.03	-1.20869	1.08306
5.04	-1.19786	1.09237
5.05	-1.18694	1.10164
5.06	-1.17592	1.11087
5.07	-1.16481	1.12006
5.08	-1.15361	1.1292
5.09	-1.14232	1.1383
5.1	-1.13094	1.14734
5.11	-1.11947	1.15634
5.12	-1.1079	1.16529
5.13	-1.09625	1.17419
5.14	-1.08451	1.18303
5.15	-1.07268	1.19181
5.16	-1.06076	1.20054
5.17	-1.04875	1.20921
5.18	-1.03666	1.21781
5.19	-1.02448	1.22636
5.2	-1.01222	1.23484
5.21	-0.999872	1.24325
5.22	-0.987439	1.2516
5.23	-0.974923	1.25987
5.24	-0.962324	1.26808
5.25	-0.949644	1.27621
5.26	-0.936881	1.28427
5.27	-0.924039	1.29225
5.28	-0.911116	1.30015
5.29	-0.898115	1.30797
5.3	-0.885035	1.31571
5.31	-0.871878	1.32337
5.32	-0.858644	1.33094
5.33	-0.845335	1.33842
5.34	-0.831951	1.34581
5.35	-0.818493	1.35311
5.36	-0.804961	1.36032
5.37	-0.791358	1.36743
5.38	-0.777684	1.37445
5.39	-0.763939	1.38137
5.4	-0.750126	1.38819
5.41	-0.736244	1.3949
5.42	-0.722295	1.40151
5.43	-0.70828	1.40802
5.44	-0.6942	1.41441
5.45	-0.680055	1.4207
5.46	-0.665848	1.42688
5.47	-0.65158	1.43294
5.48	-0.63725	1.43889
5.49	-0.622861	1.44473
5.5	-0.608414	1.45044
5.51	-0.593909	1.45604
5.52	-0.579349	1.46151
5.53	-0.564734	1.46687
5.54	-0.550065	1.47209
5.55	-0.535344	1.4772
5.56	-0.520572	1.48217
5.57	-0.505751	1.48701
5.58	-0.490881	1.49173
5.59	-0.475963	1.49631
5.6	-0.461	1.50076
5.61	-0.445993	1.50507
5.62	-0.430942	1.50925
5.63	-0.415849	1.51329
5.64	-0.400716	1.51719
5.65	-0.385545	1.52095
5.66	-0.370335	1.52457
5.67	-0.355089	1.52805
5.68	-0.339809	1.53138
5.69	-0.324495	1.53457
5.7	-0.309149	1.53761
5.71	-0.293773	1.54051
5.72	-0.278368	1.54325
5.73	-0.262936	1.54585
5.74	-0.247477	1.5483
5.75	-0.231994	1.5506
5.76	-0.216488	1.55275
5.77	-0.200961	1.55475
5.78	-0.185413	1.55659
5.79	-0.169847	1.55828
5.8	-0.154265	1.55982
5.81	-0.138666	1.5612
5.82	-0.123054	1.56243
5.83	-0.10743	1.5635
5.84	-0.0917952	1.56441
5.85	-0.076151	1.56518
5.86	-0.0604993	1.56578
5.87	-0.0448415	1.56623
5.88	-0.0291792	1.56652
5.89	-0.013514	1.56666
5.9	0.00215255	1.56663
5.91	0.0178189	1.56646
5.92	0.0334834	1.56612
5.93	0.0491446	1.56563
5.94	0.0648009	1.56498
5.95	0.0804508	1.56418
5.96	0.0960925	1.56322
5.97	0.111725	1.5621
5.98	0.127346	1.56083
5.99	0.142954	1.55941
6	0.158548	1.55783
6.01	0.174126	1.5561
6.02	0.189687	1.55421
6.03	0.20523	1.55217
6.04	0.220751	1.54998
6.05	0.236251	1.54764
6.06	0.251728	1.54515
6.07	0.267179	1.54251
6.08	0.282604	1.53972
6.09	0.298002	1.53679
6.1	0.313369	1.53371
6.11	0.328706	1.53048
6.12	0.344011	1.52711
6.13	0.359282	1.52359
6.14	0.374518	1.51993
6.15	0.389718	1.51613
6.16	0.404879	1.51219
6.17	0.420001	1.50811
6.18	0.435082	1.5039
6.19	0.450121	1.49955
6.2	0.465116	1.49506
6.21	0.480067	1.49045
6.22	0.494971	1.4857
6.23	0.509828	1.48082
6.24	0.524637	1.47581
6.25	0.539395	1.47067
6.26	0.554101	1.46541
6.27	0.568755	1.46002
6.28	0.583356	1.45451
6.29	0.597901	1.44889
6.3	0.61239	1.44314
6.31	0.626821	1.43727
6.32	0.641194	1.43129
6.33	0.655507	1.42519
6.34	0.669759	1.41899
6.35	0.683948	1.41267
6.36	0.698075	1.40624
6.37	0.712138	1.39971
6.38	0.726135	1.39307
6.39	0.740065	1.38632
6.4	0.753928	1.37948
6.41	0.767723	1.37253
6.42	0.781449	1.36549
6.43	0.795103	1.35835
6.44	0.808687	1.35112
6.45	0.822198	1.34379
6.46	0.835636	1.33637
6.47	0.849	1.32887
6.48	0.862288	1.32127
6.49	0.875501	1.31359
6.5	0.888637	1.30583
6.51	0.901695	1.29799
6.52	0.914675	1.29006
6.53	0.927576	1.28206
6.54	0.940396	1.27398
6.55	0.953136	1.26583
6.56	0.965795	1.25761
6.57	0.978371	1.24931
6.58	0.990864	1.24095
6.59	1.00327	1.23251
6.6	1.0156	1.22402
6.61	1.02784	1.21545
6.62	1.03999	1.20683
6.63	1.05206	1.19815
6.64	1.06404	1.1894
6.65	1.07594	1.1806
6.66	1.08774	1.17175
6.67	1.09946	1.16284
6.68	1.11109	1.15388
6.69	1.12263	1.14486
6.7	1.13408	1.1358
6.71	1.14543	1.12669
6.72	1.1567	1.11754
6.73	1.16788	1.10834
6.74	1.17896	1.0991
6.75	1.18995	1.08981
6.76	1.20085	1.08049
6.77	1.21165	1.07113
6.78	1.22237	1.06173
6.79	1.23298	1.05229
6.8	1.24351	1.04282
6.81	1.25393	1.03332
6.82	1.26427	1.02379
6.83	1.2745	1.01422
6.84	1.28465	1.00463
6.85	1.29469	0.995009
6.86	1.30464	0.985361
6.87	1.3145	0.975688
6.88	1.32425	0.96599
6.89	1.33391	0.95627
6.9	1.34348	0.946527
6.91	1.35294	0.936763
6.92	1.36231	0.92698
6.93	1.37158	0.917178
6.94	1.38075	0.907358
6.95	1.38982	0.897521
6.96	1.3988	0.887669
6.97	1.40768	0.877801
6.98	1.41645	0.86792
6.99	1.42513	0.858026
7	1.43371	0.84812
7.01	1.4422	0.838202
7.02	1.45058	0.828275
7.03	1.45886	0.818337
7.04	1.46704	0.808391
7.05	1.47513	0.798437
7.06	1.48311	0.788475
7.07	1.491	0.778507
7.08	1.49878	0.768533
7.09	1.50647	0.758554
7.1	1.51405	0.74857
7.11	1.52154	0.738582
7.12	1.52892	0.728591
7.13	1.53621	0.718597
7.14	1.5434	0.7086
7.15	1.55048	0.698602
7.16	1.55747	0.688603
7.17	1.56435	0.678603
7.18	1.57114	0.668603
7.19	1.57783	0.658604
7.2	1.58441	0.648605
7.21	1.5909	0.638607
7.22	1.59728	0.62861
7.23	1.60357	0.618616
7.24	1.60976	0.608623
7.25	1.61584	0.598633
7.26	1.62183	0.588646
7.27	1.62772	0.578662
7.28	1.6335	0.568682
7.29	1.63919	0.558706
7.3	1.64478	0.548733
7.31	1.65026	0.538764
7.32	1.65565	0.5288
7.33	1.66094	0.518841
7.34	1.66613	0.508886
7.35	1.67122	0.498937
7.36	1.67621	0.488992
7.37	1.6811	0.479053
7.38	1.68589	0.469119
7.39	1.69058	0.459191
7.4	1.69517	0.449268
7.41	1.69966	0.439351
7.42	1.70406	0.42944
7.43	1.70835	0.419534
7.44	1.71254	0.409634
7.45	1.71664	0.399741
7.46	1.72064	0.389853
7.47	1.72454	0.379971
7.48	1.72834	0.370094
7.49	1.73204	0.360224
7.5	1.73564	0.35036
7.51	1.73914	0.340501
7.52	1.74255	0.330648
7.53	1.74586	0.320801
7.54	1.74906	0.31096
7.55	1.75217	0.301124
7.56	1.75518	0.291293
7.57	1.7581	0.281468
7.58	1.76091	0.271648
7.59	1.76363	0.261833
7.6	1.76625	0.252024
7.61	1.76877	0.242219
7.62	1.77119	0.232419
7.63	1.77351	0.222624
7.64	1.77574	0.212833
7.65	1.77787	0.203047
7.66	1.7799	0.193265
7.67	1.78183	0.183487
7.68	1.78367	0.173712
7.69	1.7854	0.163942
7.7	1.78704	0.154175
7.71	1.78858	0.144411
7.72	1.79003	0.13465
7.73	1.79137	0.124893
7.74	1.79262	0.115138
7.75	1.79377	0.105385
7.76	1.79483	0.095635
7.77	1.79578	0.0858871
7.78	1.79664	0.076141
7.79	1.79741	0.0663967
7.8	1.79807	0.0566538
7.81	1.79864	0.0469123
7.82	1.7991	0.0371718
7.83	1.79948	0.0274321
7.84	1.79975	0.0176931
7.85	1.79993	0.00795442
7.86	1.80001	-0.00178404
7.87	1.79999	-0.0115225
7.88	1.79987	-0.0212613
7.89	1.79966	-0.0310005
7.9	1.79935	-0.0407405
7.91	1.79894	-0.0504814
7.92	1.79844	-0.0602234
7.93	1.79784	-0.0699667
7.94	1.79714	-0.0797117
7.95	1.79634	-0.0894584
7.96	1.79545	-0.0992071
7.97	1.79445	-0.108958
7.98	1.79336	-0.118711
7.99	1.79218	-0.128467
8	1.79089	-0.138226
8.01	1.78951	-0.147988
8.02	1.78803	-0.157753
8.03	1.78645	-0.167521
8.04	1.78478	-0.177293
8.05	1.783	-0.187069
8.06	1.78113	-0.196848
8.07	1.77917	-0.206632
8.08	1.7771	-0.21642
8.09	1.77493	-0.226212
8.1	1.77267	-0.236009
8.11	1.77031	-0.245811
8.12	1.76785	-0.255617
8.13	1.7653	-0.265429
8.14	1.76264	-0.275245
8.15	1.75989	-0.285067
8.16	1.75704	-0.294894
8.17	1.75409	-0.304727
8.18	1.75104	-0.314565
8.19	1.7479	-0.324408
8.2	1.74465	-0.334258
8.21	1.74131	-0.344113
8.22	1.73787	-0.353973
8.23	1.73433	-0.36384
8.24	1.73069	-0.373712
8.25	1.72696	-0.383591
8.26	1.72312	-0.393475
8.27	1.71919	-0.403365
8.28	1.71515	-0.413261
8.29	1.71102	-0.423163
8.3	1.70679	-0.43307
8.31	1.70246	-0.442984
8.32	1.69803	-0.452903
8.33	1.6935	-0.462828
8.34	1.68887	-0.472758
8.35	1.68414	-0.482694
8.36	1.67932	-0.492635
8.37	1.67439	-0.502582
8.38	1.66936	-0.512533
8.39	1.66424	-0.522489
8.4	1.65901	-0.532451
8.41	1.65369	-0.542416
8.42	1.64826	-0.552386
8.43	1.64274	-0.56236
8.44	1.63712	-0.572338
8.45	1.63139	-0.58232
8.46	1.62557	-0.592305
8.47	1.61965	-0.602293
8.48	1.61362	-0.612284
8.49	1.6075	-0.622277
8.5	1.60128	-0.632273
8.51	1.59496	-0.64227
8.52	1.58853	-0.652268
8.53	1.58201	-0.662267
8.54	1.57539	-0.672267
8.55	1.56866	-0.682267
8.56	1.56184	-0.692267
8.57	1.55492	-0.702266
8.58	1.5479	-0.712263
8.59	1.54077	-0.722259
8.6	1.53355	-0.732252
8.61	1.52623	-0.742242
8.62	1.51881	-0.752228
8.63	1.51128	-0.76221
8.64	1.50366	-0.772188
8.65	1.49594	-0.78216
8.66	1.48812	-0.792126
8.67	1.4802	-0.802085
8.68	1.47218	-0.812036
8.69	1.46406	-0.821979
8.7	1.45584	-0.831913
8.71	1.44752	-0.841837
8.72	1.4391	-0.851751
8.73	1.43058	-0.861653
8.74	1.42197	-0.871542
8.75	1.41325	-0.881418
8.76	1.40444	-0.89128
8.77	1.39552	-0.901127
8.78	1.38651	-0.910958
8.79	1.3774	-0.920771
8.8	1.36819	-0.930567
8.81	1.35889	-0.940343
8.82	1.34949	-0.950099
8.83	1.33998	-0.959834
8.84	1.33039	-0.969546
8.85	1.32069	-0.979235
8.86	1.3109	-0.988899
8.87	1.30101	-0.998538
8.88	1.29102	-1.00815
8.89	1.28094	-1.01773
8.9	1.27076	-1.02728
8.91	1.26049	-1.03681
8.92	1.25012	-1.0463
8.93	1.23966	-1.05575
8.94	1.2291	-1.06518
8.95	1.21845	-1.07456
8.96	1.20771	-1.08391
8.97	1.19687	-1.09322
8.98	1.18593	-1.10249
8.99	1.17491	-1.11171
9	1.16379	-1.1209
9.01	1.15258	-1.13004
9.02	1.14128	-1.13913
9.03	1.12989	-1.14817
9.04	1.11841	-1.15716
9.05	1.10684	-1.16611
9.06	1.09518	-1.175
9.07	1.08343	-1.18383
9.08	1.07159	-1.19261
9.09	1.05966	-1.20133
9.1	1.04765	-1.21
9.11	1.03555	-1.2186
9.12	1.02336	-1.22714
9.13	1.01109	-1.23561
9.14	0.998736	-1.24402
9.15	0.986296	-1.25236
9.16	0.973773	-1.26063
9.17	0.961166	-1.26883
9.18	0.948478	-1.27695
9.19	0.935708	-1.285
9.2	0.922858	-1.29298
9.21	0.909929	-1.30087
9.22	0.89692	-1.30869
9.23	0.883833	-1.31642
9.24	0.870669	-1.32406
9.25	0.857428	-1.33163
9.26	0.844112	-1.3391
9.27	0.830721	-1.34648
9.28	0.817256	-1.35378
9.29	0.803718	-1.36098
9.3	0.790109	-1.36808
9.31	0.776428	-1.37509
9.32	0.762677	-1.382
9.33	0.748857	-1.3888
9.34	0.734969	-1.39551
9.35	0.721014	-1.40211
9.36	0.706993	-1.40861
9.37	0.692907	-1.415
9.38	0.678757	-1.42127
9.39	0.664544	-1.42744
9.4	0.65027	-1.43349
9.41	0.635935	-1.43943
9.42	0.62154	-1.44526
9.43	0.607088	-1.45096
9.44	0.592578	-1.45655
9.45	0.578013	-1.46201
9.46	0.563393	-1.46735
9.47	0.548719	-1.47257
9.48	0.533993	-1.47766
9.49	0.519217	-1.48262
9.5	0.504391	-1.48745
9.51	0.489516	-1.49215
9.52	0.474595	-1.49672
9.53	0.459627	-1.50116
9.54	0.444616	-1.50546
9.55	0.429561	-1.50962
9.56	0.414465	-1.51365
9.57	0.399328	-1.51754
9.58	0.384153	-1.52129
9.59	0.36894	-1.52489
9.6	0.353691	-1.52836
9.61	0.338408	-1.53168
9.62	0.323091	-1.53485
9.63	0.307742	-1.53788
9.64	0.292363	-1.54076
9.65	0.276956	-1.5435
9.66	0.261521	-1.54608
9.67	0.24606	-1.54852
9.68	0.230575	-1.5508
9.69	0.215067	-1.55294
9.7	0.199537	-1.55492
9.71	0.183988	-1.55675
9.72	0.168421	-1.55843
9.73	0.152836	-1.55995
9.74	0.137237	-1.56132
9.75	0.121624	-1.56253
9.76	0.105998	-1.56359
9.77	0.0903626	-1.56449
9.78	0.0747177	-1.56524
9.79	0.0590653	-1.56583
9.8	0.043407	-1.56626
9.81	0.0277444	-1.56654
9.82	0.012079	-1.56666
9.83	-0.00358758	-1.56662
9.84	-0.0192538	-1.56643
9.85	-0.0349181	-1.56608
9.86	-0.050579	-1.56558
9.87	-0.0662347	-1.56491
9.88	-0.0818839	-1.5641
9.89	-0.0975248	-1.56312
9.9	-0.113156	-1.56199
9.91	-0.128776	-1.56071
9.92	-0.144383	-1.55927
9.93	-0.159976	-1.55768
9.94	-0.175553	-1.55593
9.95	-0.191112	-1.55403
9.96	-0.206652	-1.55198
9.97	-0.222172	-1.54978
9.98	-0.23767	-1.54742
9.99	-0.253144	-1.54492
10	-0.268593	-1.54226
10.01	-0.284016	-1.53946
10.02	-0.29941	-1.53651
10.03	-0.314776	-1.53342
10.04	-0.33011	-1.53017
10.05	-0.345411	-1.52679
10.06	-0.360679	-1.52326
10.07	-0.375912	-1.51959
10.08	-0.391108	-1.51578
10.09	-0.406266	-1.51182
10.1	-0.421384	-1.50773
10.11	-0.436461	-1.50351
10.12	-0.451496	-1.49914
10.13	-0.466488	-1.49465
10.14	-0.481434	-1.49002
10.15	-0.496334	-1.48525
10.16	-0.511187	-1.48036
10.17	-0.52599	-1.47534
10.18	-0.540744	-1.47019
10.19	-0.555446	-1.46492
10.2	-0.570095	-1.45952
10.21	-0.58469	-1.454
10.22	-0.59923	-1.44836
10.23	-0.613714	-1.4426
10.24	-0.62814	-1.43673
10.25	-0.642507	-1.43074
10.26	-0.656815	-1.42463
10.27	-0.671061	-1.41841
10.28	-0.685245	-1.41208
10.29	-0.699366	-1.40565
10.3	-0.713422	-1.3991
10.31	-0.727413	-1.39245
10.32	-0.741338	-1.3857
10.33	-0.755195	-1.37885
10.34	-0.768983	-1.37189
10.35	-0.782702	-1.36484
10.36	-0.796351	-1.35769
10.37	-0.809928	-1.35045
10.38	-0.823432	-1.34311
10.39	-0.836863	-1.33569
10.4	-0.85022	-1.32817
10.41	-0.863502	-1.32057
10.42	-0.876708	-1.31289
10.43	-0.889836	-1.30512
10.44	-0.902888	-1.29727
10.45	-0.91586	-1.28933
10.46	-0.928754	-1.28133
10.47	-0.941567	-1.27324
10.48	-0.954299	-1.26508
10.49	-0.96695	-1.25685
10.5	-0.979519	-1.24855
10.51	-0.992004	-1.24018
10.52	-1.00441	-1.23174
10.53	-1.01672	-1.22323
10.54	-1.02896	-1.21467
10.55	-1.0411	-1.20604
10.56	-1.05316	-1.19735
10.57	-1.06514	-1.1886
10.58	-1.07702	-1.17979
10.59	-1.08882	-1.17093
10.6	-1.10053	-1.16202
10.61	-1.11215	-1.15305
10.62	-1.12368	-1.14403
10.63	-1.13512	-1.13497
10.64	-1.14647	-1.12586
10.65	-1.15773	-1.1167
10.66	-1.1689	-1.10749
10.67	-1.17997	-1.09825
10.68	-1.19095	-1.08896
10.69	-1.20184	-1.07963
10.7	-1.21264	-1.07027
10.71	-1.22334	-1.06087
10.72	-1.23395	-1.05143
10.73	-1.24446	-1.04196
10.74	-1.25488	-1.03245
10.75	-1.26521	-1.02291
10.76	-1.27544	-1.01335
10.77	-1.28557	-1.00375
10.78	-1.29561	-0.994127
10.79	-1.30555	-0.984476
10.8	-1.31539	-0.974801
10.81	-1.32514	-0.965101
10.82	-1.33479	-0.955378
10.83	-1.34435	-0.945634
10.84	-1.3538	-0.935868
10.85	-1.36316	-0.926083
10.86	-1.37242	-0.916279
10.87	-1.38159	-0.906457
10.88	-1.39065	-0.896619
10.89	-1.39962	-0.886765
10.9	-1.40848	-0.876897
10.91	-1.41725	-0.867014
10.92	-1.42592	-0.857119
10.93	-1.43449	-0.847212
10.94	-1.44297	-0.837294
10.95	-1.45134	-0.827365
10.96	-1.45961	-0.817427
10.97	-1.46779	-0.80748
10.98	-1.47586	-0.797525
10.99	-1.48384	-0.787562
11	-1.49171	-0.777594
11.01	-1.49949	-0.767619
11.02	-1.50717	-0.757639
11.03	-1.51474	-0.747655
11.04	-1.52222	-0.737667
11.05	-1.5296	-0.727675
11.06	-1.53687	-0.717681
11.07	-1.54405	-0.707685
11.08	-1.55113	-0.697687
11.09	-1.5581	-0.687687
11.1	-1.56498	-0.677687
11.11	-1.57176	-0.667688
11.12	-1.57843	-0.657688
11.13	-1.58501	-0.647689
11.14	-1.59149	-0.637691
11.15	-1.59786	-0.627695
11.16	-1.60414	-0.6177
11.17	-1.61032	-0.607708
11.18	-1.61639	-0.597718
11.19	-1.62237	-0.587732
11.2	-1.62825	-0.577748
11.21	-1.63403	-0.567768
11.22	-1.6397	-0.557792
11.23	-1.64528	-0.54782
11.24	-1.65076	-0.537852
11.25	-1.65614	-0.527888
11.26	-1.66142	-0.517929
11.27	-1.6666	-0.507975
11.28	-1.67168	-0.498026
11.29	-1.67666	-0.488082
11.3	-1.68154	-0.478143
11.31	-1.68632	-0.46821
11.32	-1.691	-0.458282
11.33	-1.69558	-0.448359
11.34	-1.70007	-0.438443
11.35	-1.70445	-0.428532
11.36	-1.70874	-0.418627
11.37	-1.71292	-0.408728
11.38	-1.71701	-0.398835
11.39	-1.721	-0.388947
11.4	-1.72489	-0.379066
11.41	-1.72868	-0.36919
11.42	-1.73237	-0.35932
11.43	-1.73596	-0.349456
11.44	-1.73946	-0.339598
11.45	-1.74286	-0.329746
11.46	-1.74615	-0.319899
11.47	-1.74935	-0.310058
11.48	-1.75245	-0.300223
11.49	-1.75545	-0.290393
11.5	-1.75836	-0.280568
11.51	-1.76116	-0.270749
11.52	-1.76387	-0.260935
11.53	-1.76648	-0.251126
11.54	-1.76899	-0.241321
11.55	-1.77141	-0.231522
11.56	-1.77372	-0.221727
11.57	-1.77594	-0.211937
11.58	-1.77806	-0.202151
11.59	-1.78008	-0.192369
11.6	-1.782	-0.182591
11.61	-1.78383	-0.172817
11.62	-1.78556	-0.163047
11.63	-1.78719	-0.15328
11.64	-1.78872	-0.143517
11.65	-1.79016	-0.133756
11.66	-1.79149	-0.123999
11.67	-1.79273	-0.114244
11.68	-1.79388	-0.104492
11.69	-1.79492	-0.0947421
11.7	-1.79587	-0.0849943
11.71	-1.79672	-0.0752484
11.72	-1.79747	-0.0655042
11.73	-1.79813	-0.0557615
11.74	-1.79868	-0.04602
11.75	-1.79914	-0.0362796
11.76	-1.79951	-0.02654
11.77	-1.79977	-0.016801
11.78	-1.79994	-0.0070624
11.79	-1.80001	0.00267606
11.8	-1.79998	0.0124146
11.81	-1.79986	0.0221534
11.82	-1.79964	0.0318927
11.83	-1.79932	0.0416327
11.84	-1.7989	0.0513737
11.85	-1.79839	0.0611158
11.86	-1.79778	0.0708593
11.87	-1.79707	0.0806044
11.88	-1.79626	0.0903513
11.89	-1.79536	0.1001
11.9	-1.79436	0.109851
11.91	-1.79326	0.119605
11.92	-1.79206	0.129361
11.93	-1.79077	0.13912
11.94	-1.78938	0.148882
11.95	-1.78789	0.158647
11.96	-1.7863	0.168416
11.97	-1.78462	0.178188
11.98	-1.78284	0.187964
11.99	-1.78096	0.197744
12	-1.77898	0.207529
12.01	-1.7769	0.217317
12.02	-1.77473	0.22711
12.03	-1.77246	0.236907
12.04	-1.77009	0.246709
12.05	-1.76762	0.256516
12.06	-1.76506	0.266328
12.07	-1.7624	0.276145
12.08	-1.75963	0.285967
12.09	-1.75677	0.295795
12.1	-1.75382	0.305628
12.11	-1.75076	0.315466
12.12	-1.74761	0.32531
12.13	-1.74435	0.33516
12.14	-1.741	0.345016
12.15	-1.73755	0.354877
12.16	-1.734	0.364744
12.17	-1.73035	0.374617
12.18	-1.72661	0.384496
12.19	-1.72276	0.39438
12.2	-1.71882	0.404271
12.21	-1.71478	0.414168
12.22	-1.71064	0.42407
12.23	-1.70639	0.433978
12.24	-1.70206	0.443892
12.25	-1.69762	0.453812
12.26	-1.69308	0.463737
12.27	-1.68844	0.473668
12.28	-1.6837	0.483604
12.29	-1.67887	0.493546
12.3	-1.67393	0.503493
12.31	-1.6689	0.513445
12.32	-1.66376	0.523402
12.33	-1.65853	0.533363
12.34	-1.6532	0.543329
12.35	-1.64776	0.5533
12.36	-1.64223	0.563274
12.37	-1.6366	0.573253
12.38	-1.63086	0.583235
12.39	-1.62503	0.59322
12.4	-1.6191	0.603208
12.41	-1.61307	0.613199
12.42	-1.60694	0.623193
12.43	-1.6007	0.633188
12.44	-1.59437	0.643185
12.45	-1.58794	0.653184
12.46	-1.58141	0.663183
12.47	-1.57478	0.673183
12.48	-1.56804	0.683183
12.49	-1.56121	0.693183
12.5	-1.55428	0.703181
12.51	-1.54725	0.713179
12.52	-1.54012	0.723174
12.53	-1.53289	0.733167
12.54	-1.52555	0.743157
12.55	-1.51812	0.753143
12.56	-1.51059	0.763125
12.57	-1.50296	0.773102
12.58	-1.49523	0.783073
12.59	-1.4874	0.793038
12.6	-1.47947	0.802997
12.61	-1.47144	0.812947
12.62	-1.46331	0.82289
12.63	-1.45508	0.832823
12.64	-1.44675	0.842746
12.65	-1.43832	0.852658
12.66	-1.4298	0.862559
12.67	-1.42117	0.872447
12.68	-1.41245	0.882322
12.69	-1.40362	0.892183
12.7	-1.3947	0.902028
12.71	-1.38568	0.911857
12.72	-1.37656	0.921669
12.73	-1.36735	0.931463
12.74	-1.35803	0.941237
12.75	-1.34862	0.950992
12.76	-1.33911	0.960724
12.77	-1.3295	0.970435
12.78	-1.3198	0.980121
12.79	-1.31	0.989783
12.8	-1.3001	0.999419
12.81	-1.2901	1.00903
12.82	-1.28001	1.01861
12.83	-1.26983	1.02816
12.84	-1.25955	1.03768
12.85	-1.24917	1.04717
12.86	-1.2387	1.05662
12.87	-1.22813	1.06604
12.88	-1.21747	1.07542
12.89	-1.20672	1.08476
12.9	-1.19587	1.09407
12.91	-1.18493	1.10333
12.92	-1.1739	1.11256
12.93	-1.16277	1.12174
12.94	-1.15155	1.13087
12.95	-1.14024	1.13996
12.96	-1.12884	1.149
12.97	-1.11735	1.15799
12.98	-1.10577	1.16692
12.99	-1.09411	1.17581
13	-1.08235	1.18464
13.01	-1.0705	1.19341
13.02	-1.05857	1.20213
13.03	-1.04655	1.21079
13.04	-1.03444	1.21938
13.05	-1.02224	1.22792
13.06	-1.00996	1.23638
13.07	-0.9976	1.24479
13.08	-0.985153	1.25312
13.09	-0.972621	1.26138
13.1	-0.960007	1.26958
13.11	-0.947312	1.27769
13.12	-0.934535	1.28574
13.13	-0.921677	1.2937
13.14	-0.90874	1.30159
13.15	-0.895724	1.3094
13.16	-0.88263	1.31712
13.17	-0.869459	1.32476
13.18	-0.856212	1.33231
13.19	-0.842889	1.33978
13.2	-0.829491	1.34716
13.21	-0.816019	1.35444
13.22	-0.802475	1.36163
13.23	-0.788858	1.36873
13.24	-0.775171	1.37573
13.25	-0.761414	1.38262
13.26	-0.747588	1.38942
13.27	-0.733693	1.39612
13.28	-0.719732	1.40271
13.29	-0.705705	1.4092
13.3	-0.691613	1.41557
13.31	-0.677457	1.42184
13.32	-0.663239	1.428
13.33	-0.648959	1.43404
13.34	-0.634619	1.43997
13.35	-0.620219	1.44578
13.36	-0.605761	1.45148
13.37	-0.591246	1.45705
13.38	-0.576676	1.4625
13.39	-0.562051	1.46783
13.4	-0.547372	1.47304
13.41	-0.532642	1.47812
13.42	-0.517861	1.48307
13.43	-0.50303	1.48789
13.44	-0.488151	1.49258
13.45	-0.473225	1.49713
13.46	-0.458254	1.50156
13.47	-0.443239	1.50585
13.48	-0.42818	1.51
13.49	-0.41308	1.51401
13.5	-0.39794	1.51789
13.51	-0.382761	1.52162
13.52	-0.367545	1.52522
13.53	-0.352293	1.52867
13.54	-0.337006	1.53197
13.55	-0.321686	1.53514
13.56	-0.306335	1.53815
13.57	-0.290953	1.54102
13.58	-0.275543	1.54374
13.59	-0.260106	1.54631
13.6	-0.244643	1.54873
13.61	-0.229155	1.55101
13.62	-0.213645	1.55313
13.63	-0.198114	1.55509
13.64	-0.182563	1.55691
13.65	-0.166994	1.55857
13.66	-0.151408	1.56008
13.67	-0.135807	1.56143
13.68	-0.120193	1.56263
13.69	-0.104567	1.56368
13.7	-0.0889299	1.56457
13.71	-0.0732842	1.5653
13.72	-0.0576313	1.56587
13.73	-0.0419725	1.56629
13.74	-0.0263096	1.56656
13.75	-0.010644	1.56666
13.76	0.00502261	1.56661
13.77	0.0206887	1.56641
13.78	0.0363528	1.56604
13.79	0.0520132	1.56552
13.8	0.0676684	1.56485
13.81	0.0833169	1.56401
13.82	0.098957	1.56303
13.83	0.114587	1.56188
13.84	0.130206	1.56058
13.85	0.145812	1.55913
13.86	0.161403	1.55752
13.87	0.176979	1.55576
13.88	0.192536	1.55385
13.89	0.208075	1.55178
13.9	0.223593	1.54957
13.91	0.239088	1.5472
13.92	0.25456	1.54468
13.93	0.270007	1.54201
13.94	0.285427	1.5392
13.95	0.300819	1.53623
13.96	0.316181	1.53313
13.97	0.331513	1.52987
13.98	0.346811	1.52647
13.99	0.362076	1.52293
14	0.377305	1.51925
14.01	0.392498	1.51542
14.02	0.407652	1.51146
14.03	0.422767	1.50735
14.04	0.43784	1.50311
14.05	0.452871	1.49874
14.06	0.467859	1.49423
14.07	0.482801	1.48959
14.08	0.497697	1.48481
14.09	0.512545	1.47991
14.1	0.527344	1.47487
14.11	0.542093	1.46972
14.12	0.55679	1.46443
14.13	0.571434	1.45902
14.14	0.586024	1.45349
14.15	0.600559	1.44784
14.16	0.615038	1.44207
14.17	0.629458	1.43618
14.18	0.64382	1.43018
14.19	0.658122	1.42407
14.2	0.672363	1.41784
14.21	0.686541	1.4115
14.22	0.700656	1.40505
14.23	0.714707	1.3985
14.24	0.728692	1.39184
14.25	0.74261	1.38508
14.26	0.756461	1.37821
14.27	0.770243	1.37125
14.28	0.783955	1.36419
14.29	0.797597	1.35703
14.3	0.811168	1.34978
14.31	0.824665	1.34244
14.32	0.83809	1.335
14.33	0.85144	1.32748
14.34	0.864715	1.31987
14.35	0.877913	1.31218
14.36	0.891035	1.3044
14.37	0.904079	1.29654
14.38	0.917045	1.2886
14.39	0.929931	1.28059
14.4	0.942736	1.2725
14.41	0.955461	1.26433
14.42	0.968105	1.25609
14.43	0.980666	1.24778
14.44	0.993143	1.23941
14.45	1.00554	1.23096
14.46	1.01785	1.22245
14.47	1.03007	1.21388
14.48	1.04221	1.20524
14.49	1.05426	1.19655
14.5	1.06623	1.18779
14.51	1.07811	1.17898
14.52	1.0899	1.17012
14.53	1.1016	1.1612
14.54	1.11321	1.15223
14.55	1.12473	1.14321
14.56	1.13616	1.13414
14.57	1.14751	1.12502
14.58	1.15876	1.11586
14.59	1.16991	1.10665
14.6	1.18098	1.0974
14.61	1.19195	1.08811
14.62	1.20284	1.07878
14.63	1.21362	1.06941
14.64	1.22432	1.06
14.65	1.23492	1.05056
14.66	1.24542	1.04109
14.67	1.25583	1.03158
14.68	1.26615	1.02204
14.69	1.27637	1.01247
14.7	1.28649	1.00287
14.71	1.29652	0.993244
14.72	1.30646	0.983591
14.73	1.31629	0.973913
14.74	1.32603	0.964211
14.75	1.33567	0.954487
14.76	1.34522	0.94474
14.77	1.35467	0.934973
14.78	1.36401	0.925186
14.79	1.37327	0.91538
14.8	1.38242	0.905557
14.81	1.39148	0.895717
14.82	1.40043	0.885862
14.83	1.40929	0.875992
14.84	1.41805	0.866109
14.85	1.42671	0.856212
14.86	1.43528	0.846304
14.87	1.44374	0.836385
14.88	1.4521	0.826455
14.89	1.46037	0.816516
14.9	1.46853	0.806568
14.91	1.4766	0.796612
14.92	1.48456	0.78665
14.93	1.49243	0.77668
14.94	1.5002	0.766705
14.95	1.50786	0.756725
14.96	1.51543	0.74674
14.97	1.5229	0.736752
14.98	1.53027	0.72676
14.99	1.53753	0.716765
