0	0.5	0
0.01	0.5	-0.00479426
0.02	0.499952	-0.00958809
0.03	0.499856	-0.0143811
0.04	0.499712	-0.0191728
0.05	0.499521	-0.0239629
0.06	0.499281	-0.0287508
0.07	0.498994	-0.0335362
0.08	0.498658	-0.0383187
0.09	0.498275	-0.0430978
0.1	0.497844	-0.0478731
0.11	0.497365	-0.0526443
0.12	0.496839	-0.0574107
0.13	0.496265	-0.0621722
0.14	0.495643	-0.0669282
0.15	0.494974	-0.0716782
0.16	0.494257	-0.076422
0.17	0.493493	-0.0811591
0.18	0.492681	-0.085889
0.19	0.491822	-0.0906113
0.2	0.490916	-0.0953256
0.21	0.489963	-0.100032
0.22	0.488963	-0.104729
0.23	0.487915	-0.109417
0.24	0.486821	-0.114095
0.25	0.48568	-0.118763
0.26	0.484492	-0.12342
0.27	0.483258	-0.128067
0.28	0.481978	-0.132702
0.29	0.480651	-0.137326
0.3	0.479277	-0.141937
0.31	0.477858	-0.146536
0.32	0.476393	-0.151122
0.33	0.474881	-0.155694
0.34	0.473324	-0.160253
0.35	0.471722	-0.164797
0.36	0.470074	-0.169326
0.37	0.468381	-0.173841
0.38	0.466642	-0.17834
0.39	0.464859	-0.182823
0.4	0.463031	-0.187289
0.41	0.461158	-0.191739
0.42	0.45924	-0.196172
0.43	0.457279	-0.200587
0.44	0.455273	-0.204984
0.45	0.453223	-0.209363
0.46	0.451129	-0.213722
0.47	0.448992	-0.218063
0.48	0.446811	-0.222384
0.49	0.444588	-0.226685
0.5	0.442321	-0.230965
0.51	0.440011	-0.235225
0.52	0.437659	-0.239463
0.53	0.435264	-0.243679
0.54	0.432827	-0.247874
0.55	0.430349	-0.252046
0.56	0.427828	-0.256195
0.57	0.425266	-0.26032
0.58	0.422663	-0.264422
0.59	0.420019	-0.2685
0.6	0.417334	-0.272553
0.61	0.414608	-0.276582
0.62	0.411843	-0.280584
0.63	0.409037	-0.284562
0.64	0.406191	-0.288513
0.65	0.403306	-0.292437
0.66	0.400382	-0.296335
0.67	0.397418	-0.300206
0.68	0.394416	-0.304048
0.69	0.391376	-0.307863
0.7	0.388297	-0.311649
0.71	0.385181	-0.315406
0.72	0.382026	-0.319134
0.73	0.378835	-0.322833
0.74	0.375607	-0.326501
0.75	0.372342	-0.330139
0.76	0.36904	-0.333746
0.77	0.365703	-0.337322
0.78	0.36233	-0.340867
0.79	0.358921	-0.344379
0.8	0.355477	-0.34786
0.81	0.351999	-0.351308
0.82	0.348486	-0.354722
0.83	0.344938	-0.358104
0.84	0.341357	-0.361451
0.85	0.337743	-0.364765
0.86	0.334095	-0.368044
0.87	0.330415	-0.371288
0.88	0.326702	-0.374498
0.89	0.322957	-0.377671
0.9	0.31918	-0.380809
0.91	0.315372	-0.383911
0.92	0.311533	-0.386976
0.93	0.307663	-0.390004
0.94	0.303763	-0.392996
0.95	0.299833	-0.395949
0.96	0.295874	-0.398865
0.97	0.291885	-0.401743
0.98	0.287868	-0.404582
0.99	0.283822	-0.407382
1	0.279748	-0.410143
1.01	0.275647	-0.412865
1.02	0.271518	-0.415547
1.03	0.267362	-0.418189
1.04	0.263181	-0.42079
1.05	0.258973	-0.423351
1.06	0.254739	-0.425871
1.07	0.25048	-0.42835
1.08	0.246197	-0.430787
1.09	0.241889	-0.433182
1.1	0.237557	-0.435535
1.11	0.233202	-0.437846
1.12	0.228823	-0.440115
1.13	0.224422	-0.44234
1.14	0.219999	-0.444522
1.15	0.215554	-0.446661
1.16	0.211087	-0.448757
1.17	0.206599	-0.450808
1.18	0.202091	-0.452815
1.19	0.197563	-0.454778
1.2	0.193015	-0.456696
1.21	0.188449	-0.458569
1.22	0.183863	-0.460398
1.23	0.179259	-0.462181
1.24	0.174637	-0.463918
1.25	0.169998	-0.46561
1.26	0.165342	-0.467256
1.27	0.160669	-0.468856
1.28	0.155981	-0.470409
1.29	0.151277	-0.471916
1.3	0.146557	-0.473376
1.31	0.141824	-0.47479
1.32	0.137076	-0.476156
1.33	0.132314	-0.477476
1.34	0.127539	-0.478748
1.35	0.122752	-0.479972
1.36	0.117952	-0.481149
1.37	0.113141	-0.482278
1.38	0.108318	-0.483359
1.39	0.103484	-0.484392
1.4	0.0986404	-0.485377
1.41	0.0937867	-0.486313
1.42	0.0889235	-0.487201
1.43	0.0840515	-0.488041
1.44	0.0791711	-0.488832
1.45	0.0742828	-0.489574
1.46	0.0693871	-0.490267
1.47	0.0644844	-0.490912
1.48	0.0595753	-0.491507
1.49	0.0546602	-0.492053
1.5	0.0497397	-0.492551
1.51	0.0448142	-0.492998
1.52	0.0398842	-0.493397
1.53	0.0349502	-0.493747
1.54	0.0300127	-0.494047
1.55	0.0250723	-0.494297
1.56	0.0201293	-0.494499
1.57	0.0151843	-0.494651
1.58	0.0102378	-0.494753
1.59	0.00529027	-0.494806
1.6	0.000342209	-0.494809
1.61	-0.00460588	-0.494763
1.62	-0.00955352	-0.494668
1.63	-0.0145002	-0.494523
1.64	-0.0194454	-0.494328
1.65	-0.0243887	-0.494084
1.66	-0.0293295	-0.493791
1.67	-0.0342675	-0.493449
1.68	-0.0392019	-0.493057
1.69	-0.0441325	-0.492615
1.7	-0.0490587	-0.492125
1.71	-0.0539799	-0.491585
1.72	-0.0588958	-0.490997
1.73	-0.0638057	-0.490359
1.74	-0.0687093	-0.489673
1.75	-0.0736061	-0.488937
1.76	-0.0784954	-0.488153
1.77	-0.083377	-0.48732
1.78	-0.0882502	-0.486439
1.79	-0.0931146	-0.485509
1.8	-0.0979696	-0.484531
1.81	-0.102815	-0.483505
1.82	-0.10765	-0.48243
1.83	-0.112474	-0.481308
1.84	-0.117287	-0.480138
1.85	-0.122089	-0.47892
1.86	-0.126878	-0.477654
1.87	-0.131655	-0.476342
1.88	-0.136418	-0.474982
1.89	-0.141168	-0.473575
1.9	-0.145903	-0.472121
1.91	-0.150625	-0.47062
1.92	-0.155331	-0.469073
1.93	-0.160022	-0.46748
1.94	-0.164696	-0.46584
1.95	-0.169355	-0.464155
1.96	-0.173996	-0.462424
1.97	-0.178621	-0.460647
1.98	-0.183227	-0.458825
1.99	-0.187815	-0.456958
2	-0.192385	-0.455046
2.01	-0.196935	-0.453089
2.02	-0.201466	-0.451088
2.03	-0.205977	-0.449043
2.04	-0.210468	-0.446954
2.05	-0.214937	-0.444821
2.06	-0.219385	-0.442645
2.07	-0.223812	-0.440425
2.08	-0.228216	-0.438163
2.09	-0.232598	-0.435858
2.1	-0.236956	-0.43351
2.11	-0.241291	-0.431121
2.12	-0.245603	-0.428689
2.13	-0.249889	-0.426216
2.14	-0.254152	-0.423702
2.15	-0.258389	-0.421147
2.16	-0.2626	-0.418551
2.17	-0.266786	-0.415914
2.18	-0.270945	-0.413238
2.19	-0.275077	-0.410522
2.2	-0.279182	-0.407766
2.21	-0.28326	-0.404971
2.22	-0.28731	-0.402138
2.23	-0.291331	-0.399265
2.24	-0.295324	-0.396355
2.25	-0.299287	-0.393406
2.26	-0.303221	-0.39042
2.27	-0.307126	-0.387397
2.28	-0.311	-0.384337
2.29	-0.314843	-0.38124
2.3	-0.318655	-0.378108
2.31	-0.322436	-0.374939
2.32	-0.326186	-0.371734
2.33	-0.329903	-0.368495
2.34	-0.333588	-0.365221
2.35	-0.33724	-0.361912
2.36	-0.340859	-0.358569
2.37	-0.344445	-0.355192
2.38	-0.347997	-0.351782
2.39	-0.351515	-0.348339
2.4	-0.354998	-0.344863
2.41	-0.358447	-0.341355
2.42	-0.36186	-0.337814
2.43	-0.365239	-0.334243
2.44	-0.368581	-0.33064
2.45	-0.371887	-0.327006
2.46	-0.375157	-0.323342
2.47	-0.378391	-0.319648
2.48	-0.381587	-0.315924
2.49	-0.384747	-0.31217
2.5	-0.387868	-0.308388
2.51	-0.390952	-0.304578
2.52	-0.393998	-0.300739
2.53	-0.397005	-0.296872
2.54	-0.399974	-0.292978
2.55	-0.402904	-0.289057
2.56	-0.405794	-0.28511
2.57	-0.408645	-0.281136
2.58	-0.411457	-0.277137
2.59	-0.414228	-0.273112
2.6	-0.416959	-0.269062
2.61	-0.41965	-0.264988
2.62	-0.4223	-0.260889
2.63	-0.424909	-0.256767
2.64	-0.427476	-0.252621
2.65	-0.430003	-0.248452
2.66	-0.432487	-0.244261
2.67	-0.43493	-0.240047
2.68	-0.43733	-0.235812
2.69	-0.439688	-0.231556
2.7	-0.442004	-0.227278
2.71	-0.444277	-0.22298
2.72	-0.446506	-0.218662
2.73	-0.448693	-0.214324
2.74	-0.450836	-0.209967
2.75	-0.452936	-0.205591
2.76	-0.454992	-0.201196
2.77	-0.457004	-0.196784
2.78	-0.458972	-0.192353
2.79	-0.460895	-0.187906
2.8	-0.462774	-0.183441
2.81	-0.464609	-0.178961
2.82	-0.466398	-0.174464
2.83	-0.468143	-0.169952
2.84	-0.469842	-0.165424
2.85	-0.471497	-0.160882
2.86	-0.473105	-0.156326
2.87	-0.474669	-0.151755
2.88	-0.476186	-0.147171
2.89	-0.477658	-0.142574
2.9	-0.479084	-0.137965
2.91	-0.480463	-0.133343
2.92	-0.481797	-0.128709
2.93	-0.483084	-0.124064
2.94	-0.484325	-0.119408
2.95	-0.485519	-0.114741
2.96	-0.486666	-0.110064
2.97	-0.487767	-0.105378
2.98	-0.48882	-0.100682
2.99	-0.489827	-0.0959771
3	-0.490787	-0.0912639
3.01	-0.4917	-0.0865426
3.02	-0.492565	-0.0818137
3.03	-0.493383	-0.0770776
3.04	-0.494154	-0.0723348
3.05	-0.494877	-0.0675855
3.06	-0.495553	-0.0628304
3.07	-0.496182	-0.0580696
3.08	-0.496762	-0.0533038
3.09	-0.497295	-0.0485333
3.1	-0.497781	-0.0437586
3.11	-0.498218	-0.0389799
3.12	-0.498608	-0.0341979
3.13	-0.49895	-0.0294129
3.14	-0.499244	-0.0246253
3.15	-0.49949	-0.0198355
3.16	-0.499689	-0.015044
3.17	-0.499839	-0.0102511
3.18	-0.499942	-0.00545736
3.19	-0.499996	-0.000663141
3.2	-0.500003	0.00413114
3.21	-0.499962	0.00892506
3.22	-0.499872	0.0137182
3.23	-0.499735	0.0185101
3.24	-0.49955	0.0233004
3.25	-0.499317	0.0280887
3.26	-0.499036	0.0328745
3.27	-0.498707	0.0376574
3.28	-0.498331	0.042437
3.29	-0.497906	0.0472129
3.3	-0.497434	0.0519846
3.31	-0.496914	0.0567517
3.32	-0.496347	0.0615139
3.33	-0.495732	0.0662707
3.34	-0.495069	0.0710216
3.35	-0.494359	0.0757663
3.36	-0.493601	0.0805043
3.37	-0.492796	0.0852352
3.38	-0.491944	0.0899586
3.39	-0.491044	0.094674
3.4	-0.490097	0.0993812
3.41	-0.489104	0.10408
3.42	-0.488063	0.108769
3.43	-0.486975	0.113448
3.44	-0.485841	0.118118
3.45	-0.48466	0.122777
3.46	-0.483432	0.127425
3.47	-0.482158	0.132062
3.48	-0.480837	0.136687
3.49	-0.47947	0.1413
3.5	-0.478057	0.145901
3.51	-0.476598	0.150488
3.52	-0.475093	0.155063
3.53	-0.473543	0.159623
3.54	-0.471946	0.164169
3.55	-0.470305	0.168701
3.56	-0.468618	0.173217
3.57	-0.466885	0.177718
3.58	-0.465108	0.182204
3.59	-0.463286	0.186672
3.6	-0.461419	0.191125
3.61	-0.459508	0.19556
3.62	-0.457553	0.199977
3.63	-0.455553	0.204377
3.64	-0.453509	0.208758
3.65	-0.451421	0.213121
3.66	-0.44929	0.217464
3.67	-0.447116	0.221787
3.68	-0.444898	0.226091
3.69	-0.442637	0.230374
3.7	-0.440333	0.234637
3.71	-0.437987	0.238878
3.72	-0.435598	0.243097
3.73	-0.433167	0.247295
3.74	-0.430694	0.25147
3.75	-0.428179	0.255622
3.76	-0.425623	0.259751
3.77	-0.423026	0.263856
3.78	-0.420387	0.267937
3.79	-0.417708	0.271994
3.8	-0.414988	0.276026
3.81	-0.412227	0.280032
3.82	-0.409427	0.284013
3.83	-0.406587	0.287968
3.84	-0.403707	0.291896
3.85	-0.400788	0.295798
3.86	-0.39783	0.299672
3.87	-0.394834	0.303518
3.88	-0.391799	0.307337
3.89	-0.388725	0.311127
3.9	-0.385614	0.314888
3.91	-0.382465	0.31862
3.92	-0.379279	0.322323
3.93	-0.376056	0.325995
3.94	-0.372796	0.329638
3.95	-0.369499	0.333249
3.96	-0.366167	0.33683
3.97	-0.362798	0.340378
3.98	-0.359395	0.343896
3.99	-0.355956	0.34738
4	-0.352482	0.350833
4.01	-0.348974	0.354252
4.02	-0.345431	0.357638
4.03	-0.341855	0.36099
4.04	-0.338245	0.364309
4.05	-0.334602	0.367593
4.06	-0.330926	0.370842
4.07	-0.327217	0.374056
4.08	-0.323477	0.377235
4.09	-0.319704	0.380377
4.1	-0.315901	0.383484
4.11	-0.312066	0.386554
4.12	-0.3082	0.389588
4.13	-0.304304	0.392584
4.14	-0.300379	0.395543
4.15	-0.296423	0.398464
4.16	-0.292438	0.401347
4.17	-0.288425	0.404191
4.18	-0.284383	0.406997
4.19	-0.280313	0.409763
4.2	-0.276215	0.412491
4.21	-0.272091	0.415178
4.22	-0.267939	0.417826
4.23	-0.263761	0.420433
4.24	-0.259556	0.422999
4.25	-0.255326	0.425525
4.26	-0.251071	0.428009
4.27	-0.246791	0.430452
4.28	-0.242486	0.432853
4.29	-0.238158	0.435212
4.3	-0.233806	0.437529
4.31	-0.22943	0.439803
4.32	-0.225032	0.442035
4.33	-0.220612	0.444223
4.34	-0.21617	0.446368
4.35	-0.211706	0.448469
4.36	-0.207221	0.450527
4.37	-0.202716	0.45254
4.38	-0.198191	0.454509
4.39	-0.193646	0.456433
4.4	-0.189081	0.458313
4.41	-0.184498	0.460147
4.42	-0.179897	0.461937
4.43	-0.175277	0.463681
4.44	-0.170641	0.465379
4.45	-0.165987	0.467031
4.46	-0.161316	0.468637
4.47	-0.15663	0.470197
4.48	-0.151928	0.47171
4.49	-0.147211	0.473177
4.5	-0.142479	0.474597
4.51	-0.137733	0.47597
4.52	-0.132974	0.477296
4.53	-0.128201	0.478575
4.54	-0.123415	0.479806
4.55	-0.118617	0.480989
4.56	-0.113807	0.482125
4.57	-0.108986	0.483212
4.58	-0.104154	0.484252
4.59	-0.099311	0.485243
4.6	-0.0944586	0.486187
4.61	-0.0895967	0.487081
4.62	-0.0847259	0.487928
4.63	-0.0798466	0.488725
4.64	-0.0749594	0.489474
4.65	-0.0700646	0.490174
4.66	-0.0651629	0.490825
4.67	-0.0602546	0.491428
4.68	-0.0553404	0.491981
4.69	-0.0504206	0.492485
4.7	-0.0454957	0.492939
4.71	-0.0405663	0.493345
4.72	-0.0356329	0.493701
4.73	-0.0306959	0.494008
4.74	-0.0257558	0.494266
4.75	-0.0208131	0.494474
4.76	-0.0158684	0.494633
4.77	-0.0109221	0.494742
4.78	-0.00597464	0.494801
4.79	-0.00102663	0.494812
4.8	0.00392149	0.494773
4.81	0.00886921	0.494684
4.82	0.0138161	0.494546
4.83	0.0187615	0.494358
4.84	0.0237051	0.494121
4.85	0.0286463	0.493835
4.86	0.0335846	0.493499
4.87	0.0385196	0.493114
4.88	0.0434508	0.492679
4.89	0.0483776	0.492196
4.9	0.0532995	0.491663
4.91	0.0582162	0.491081
4.92	0.063127	0.49045
4.93	0.0680315	0.489771
4.94	0.0729292	0.489042
4.95	0.0778196	0.488265
4.96	0.0827022	0.487438
4.97	0.0875766	0.486564
4.98	0.0924423	0.485641
4.99	0.0972987	0.484669
5	0.102145	0.48365
5.01	0.106982	0.482582
5.02	0.111808	0.481466
5.03	0.116622	0.480302
5.04	0.121425	0.479091
5.05	0.126216	0.477832
5.06	0.130995	0.476526
5.07	0.13576	0.475173
5.08	0.140512	0.473772
5.09	0.145249	0.472325
5.1	0.149973	0.470831
5.11	0.154681	0.46929
5.12	0.159374	0.467703
5.13	0.164051	0.46607
5.14	0.168711	0.464391
5.15	0.173355	0.462666
5.16	0.177982	0.460895
5.17	0.182591	0.45908
5.18	0.187182	0.457219
5.19	0.191754	0.455313
5.2	0.196307	0.453362
5.21	0.200841	0.451368
5.22	0.205354	0.449328
5.23	0.209848	0.447245
5.24	0.21432	0.445118
5.25	0.218771	0.442948
5.26	0.223201	0.440735
5.27	0.227608	0.438478
5.28	0.231993	0.436179
5.29	0.236355	0.433837
5.3	0.240693	0.431454
5.31	0.245008	0.429028
5.32	0.249298	0.426561
5.33	0.253564	0.424052
5.34	0.257804	0.421503
5.35	0.262019	0.418912
5.36	0.266208	0.416282
5.37	0.270371	0.413611
5.38	0.274507	0.4109
5.39	0.278616	0.40815
5.4	0.282698	0.40536
5.41	0.286751	0.402532
5.42	0.290777	0.399665
5.43	0.294773	0.39676
5.44	0.298741	0.393816
5.45	0.302679	0.390836
5.46	0.306587	0.387818
5.47	0.310465	0.384763
5.48	0.314313	0.381671
5.49	0.31813	0.378543
5.5	0.321915	0.375379
5.51	0.325669	0.37218
5.52	0.329391	0.368945
5.53	0.33308	0.365676
5.54	0.336737	0.362371
5.55	0.340361	0.359033
5.56	0.343951	0.355661
5.57	0.347508	0.352256
5.58	0.35103	0.348817
5.59	0.354518	0.345346
5.6	0.357972	0.341842
5.61	0.36139	0.338306
5.62	0.364773	0.334739
5.63	0.368121	0.33114
5.64	0.371432	0.32751
5.65	0.374707	0.32385
5.66	0.377946	0.32016
5.67	0.381147	0.316441
5.68	0.384312	0.312691
5.69	0.387439	0.308913
5.7	0.390528	0.305106
5.71	0.393579	0.301271
5.72	0.396592	0.297409
5.73	0.399566	0.293518
5.74	0.402501	0.289601
5.75	0.405397	0.285657
5.76	0.408253	0.281687
5.77	0.41107	0.277691
5.78	0.413847	0.27367
5.79	0.416584	0.269624
5.8	0.41928	0.265553
5.81	0.421936	0.261457
5.82	0.42455	0.257338
5.83	0.427124	0.253196
5.84	0.429656	0.24903
5.85	0.432146	0.244842
5.86	0.434594	0.240632
5.87	0.437001	0.236399
5.88	0.439365	0.232146
5.89	0.441686	0.227871
5.9	0.443965	0.223576
5.91	0.446201	0.21926
5.92	0.448393	0.214925
5.93	0.450542	0.210571
5.94	0.452648	0.206197
5.95	0.45471	0.201805
5.96	0.456728	0.197395
5.97	0.458702	0.192967
5.98	0.460632	0.188522
5.99	0.462517	0.18406
6	0.464358	0.179581
6.01	0.466153	0.175087
6.02	0.467904	0.170577
6.03	0.46961	0.166051
6.04	0.471271	0.161511
6.05	0.472886	0.156957
6.06	0.474455	0.152388
6.07	0.475979	0.147806
6.08	0.477457	0.143211
6.09	0.478889	0.138603
6.1	0.480275	0.133983
6.11	0.481615	0.129351
6.12	0.482909	0.124707
6.13	0.484156	0.120052
6.14	0.485356	0.115387
6.15	0.48651	0.110712
6.16	0.487617	0.106026
6.17	0.488677	0.101332
6.18	0.489691	0.0966283
6.19	0.490657	0.0919163
6.2	0.491576	0.0871961
6.21	0.492448	0.0824683
6.22	0.493273	0.0777331
6.23	0.49405	0.0729912
6.24	0.49478	0.0682428
6.25	0.495463	0.0634884
6.26	0.496097	0.0587284
6.27	0.496685	0.0539633
6.28	0.497224	0.0491934
6.29	0.497716	0.0444192
6.3	0.498161	0.0396411
6.31	0.498557	0.0348595
6.32	0.498906	0.0300749
6.33	0.499206	0.0252876
6.34	0.499459	0.0204981
6.35	0.499664	0.0157068
6.36	0.499821	0.0109141
6.37	0.49993	0.00612046
6.38	0.499992	0.00132628
6.39	0.500005	-0.00346802
6.4	0.49997	-0.00826201
6.41	0.499887	-0.0130553
6.42	0.499757	-0.0178474
6.43	0.499578	-0.022638
6.44	0.499352	-0.0274265
6.45	0.499078	-0.0322127
6.46	0.498756	-0.036996
6.47	0.498386	-0.0417761
6.48	0.497968	-0.0465525
6.49	0.497502	-0.0513248
6.5	0.496989	-0.0560926
6.51	0.496428	-0.0608555
6.52	0.49582	-0.0656131
6.53	0.495164	-0.0703648
6.54	0.49446	-0.0751104
6.55	0.493709	-0.0798493
6.56	0.49291	-0.0845812
6.57	0.492065	-0.0893057
6.58	0.491171	-0.0940223
6.59	0.490231	-0.0987306
6.6	0.489244	-0.10343
6.61	0.48821	-0.108121
6.62	0.487128	-0.112802
6.63	0.486	-0.117472
6.64	0.484826	-0.122133
6.65	0.483604	-0.126783
6.66	0.482337	-0.131421
6.67	0.481022	-0.136048
6.68	0.479662	-0.140663
6.69	0.478255	-0.145265
6.7	0.476803	-0.149855
6.71	0.475304	-0.154431
6.72	0.47376	-0.158993
6.73	0.47217	-0.163541
6.74	0.470534	-0.168075
6.75	0.468854	-0.172594
6.76	0.467128	-0.177097
6.77	0.465357	-0.181584
6.78	0.463541	-0.186055
6.79	0.46168	-0.19051
6.8	0.459775	-0.194947
6.81	0.457826	-0.199367
6.82	0.455832	-0.203769
6.83	0.453794	-0.208153
6.84	0.451713	-0.212518
6.85	0.449588	-0.216864
6.86	0.447419	-0.221191
6.87	0.445207	-0.225497
6.88	0.442952	-0.229783
6.89	0.440654	-0.234048
6.9	0.438314	-0.238293
6.91	0.435931	-0.242515
6.92	0.433506	-0.246716
6.93	0.431039	-0.250894
6.94	0.42853	-0.255049
6.95	0.425979	-0.259181
6.96	0.423387	-0.26329
6.97	0.420754	-0.267374
6.98	0.418081	-0.271434
6.99	0.415366	-0.27547
7	0.412612	-0.27948
7.01	0.409817	-0.283464
7.02	0.406982	-0.287422
7.03	0.404108	-0.291354
7.04	0.401194	-0.29526
7.05	0.398242	-0.299138
7.06	0.39525	-0.302988
7.07	0.392221	-0.30681
7.08	0.389153	-0.310605
7.09	0.386046	-0.31437
7.1	0.382903	-0.318106
7.11	0.379722	-0.321813
7.12	0.376504	-0.325489
7.13	0.373249	-0.329136
7.14	0.369957	-0.332751
7.15	0.36663	-0.336336
7.16	0.363266	-0.339889
7.17	0.359868	-0.343411
7.18	0.356433	-0.3469
7.19	0.352964	-0.350357
7.2	0.349461	-0.353781
7.21	0.345923	-0.357172
7.22	0.342351	-0.360529
7.23	0.338746	-0.363852
7.24	0.335108	-0.36714
7.25	0.331436	-0.370394
7.26	0.327732	-0.373613
7.27	0.323996	-0.376797
7.28	0.320228	-0.379945
7.29	0.316429	-0.383057
7.3	0.312598	-0.386132
7.31	0.308737	-0.38917
7.32	0.304845	-0.392172
7.33	0.300923	-0.395136
7.34	0.296972	-0.398062
7.35	0.292991	-0.40095
7.36	0.288982	-0.4038
7.37	0.284944	-0.406611
7.38	0.280878	-0.409383
7.39	0.276784	-0.412116
7.4	0.272663	-0.414809
7.41	0.268515	-0.417462
7.42	0.26434	-0.420074
7.43	0.260139	-0.422647
7.44	0.255913	-0.425178
7.45	0.251661	-0.427668
7.46	0.247384	-0.430117
7.47	0.243083	-0.432524
7.48	0.238758	-0.434889
7.49	0.234409	-0.437211
7.5	0.230037	-0.439491
7.51	0.225642	-0.441729
7.52	0.221225	-0.443923
7.53	0.216786	-0.446074
7.54	0.212325	-0.448181
7.55	0.207843	-0.450245
7.56	0.203341	-0.452264
7.57	0.198818	-0.454239
7.58	0.194275	-0.45617
7.59	0.189714	-0.458056
7.6	0.185133	-0.459896
7.61	0.180534	-0.461692
7.62	0.175917	-0.463442
7.63	0.171283	-0.465147
7.64	0.166631	-0.466805
7.65	0.161963	-0.468418
7.66	0.157279	-0.469984
7.67	0.152579	-0.471504
7.68	0.147864	-0.472977
7.69	0.143135	-0.474404
7.7	0.138391	-0.475783
7.71	0.133633	-0.477116
7.72	0.128862	-0.478401
7.73	0.124078	-0.479638
7.74	0.119281	-0.480828
7.75	0.114473	-0.48197
7.76	0.109653	-0.483065
7.77	0.104823	-0.484111
7.78	0.0999814	-0.485109
7.79	0.0951303	-0.486059
7.8	0.0902698	-0.48696
7.81	0.0854001	-0.487813
7.82	0.080522	-0.488618
7.83	0.0756358	-0.489373
7.84	0.0707421	-0.49008
7.85	0.0658413	-0.490738
7.86	0.0609339	-0.491347
7.87	0.0560204	-0.491907
7.88	0.0511014	-0.492418
7.89	0.0461772	-0.492879
7.9	0.0412484	-0.493292
7.91	0.0363155	-0.493655
7.92	0.0313789	-0.493969
7.93	0.0264392	-0.494233
7.94	0.0214969	-0.494448
7.95	0.0165524	-0.494614
7.96	0.0116063	-0.49473
7.97	0.00665901	-0.494796
7.98	0.00171104	-0.494813
7.99	-0.00323709	-0.494781
8	-0.0081849	-0.494699
8.01	-0.0131319	-0.494568
8.02	-0.0180776	-0.494387
8.03	-0.0230214	-0.494157
8.04	-0.027963	-0.493877
8.05	-0.0329018	-0.493548
8.06	-0.0378373	-0.49317
8.07	-0.042769	-0.492742
8.08	-0.0476964	-0.492266
8.09	-0.052619	-0.49174
8.1	-0.0575364	-0.491165
8.11	-0.0624481	-0.490541
8.12	-0.0673535	-0.489867
8.13	-0.0722522	-0.489146
8.14	-0.0771436	-0.488375
8.15	-0.0820274	-0.487556
8.16	-0.0869029	-0.486688
8.17	-0.0917698	-0.485771
8.18	-0.0966275	-0.484806
8.19	-0.101476	-0.483793
8.2	-0.106314	-0.482732
8.21	-0.111141	-0.481623
8.22	-0.115957	-0.480466
8.23	-0.120762	-0.479262
8.24	-0.125554	-0.478009
8.25	-0.130334	-0.47671
8.26	-0.135102	-0.475363
8.27	-0.139855	-0.473969
8.28	-0.144595	-0.472528
8.29	-0.14932	-0.47104
8.3	-0.154031	-0.469506
8.31	-0.158726	-0.467925
8.32	-0.163405	-0.466299
8.33	-0.168068	-0.464626
8.34	-0.172714	-0.462907
8.35	-0.177343	-0.461143
8.36	-0.181955	-0.459334
8.37	-0.186548	-0.457479
8.38	-0.191123	-0.455579
8.39	-0.195678	-0.453635
8.4	-0.200215	-0.451646
8.41	-0.204731	-0.449613
8.42	-0.209227	-0.447536
8.43	-0.213703	-0.445415
8.44	-0.218157	-0.443251
8.45	-0.222589	-0.441043
8.46	-0.227	-0.438793
8.47	-0.231388	-0.4365
8.48	-0.235753	-0.434164
8.49	-0.240094	-0.431786
8.5	-0.244412	-0.429366
8.51	-0.248706	-0.426904
8.52	-0.252975	-0.424402
8.53	-0.257219	-0.421858
8.54	-0.261438	-0.419273
8.55	-0.26563	-0.416648
8.56	-0.269797	-0.413982
8.57	-0.273937	-0.411277
8.58	-0.278049	-0.408532
8.59	-0.282135	-0.405748
8.6	-0.286192	-0.402925
8.61	-0.290221	-0.400064
8.62	-0.294222	-0.397164
8.63	-0.298194	-0.394226
8.64	-0.302136	-0.39125
8.65	-0.306049	-0.388237
8.66	-0.309931	-0.385187
8.67	-0.313783	-0.382101
8.68	-0.317604	-0.378978
8.69	-0.321394	-0.375819
8.7	-0.325152	-0.372624
8.71	-0.328878	-0.369395
8.72	-0.332572	-0.36613
8.73	-0.336233	-0.362831
8.74	-0.339862	-0.359497
8.75	-0.343456	-0.35613
8.76	-0.347018	-0.352729
8.77	-0.350545	-0.349294
8.78	-0.354038	-0.345828
8.79	-0.357496	-0.342328
8.8	-0.36092	-0.338797
8.81	-0.364308	-0.335234
8.82	-0.36766	-0.33164
8.83	-0.370976	-0.328014
8.84	-0.374256	-0.324359
8.85	-0.3775	-0.320673
8.86	-0.380707	-0.316957
8.87	-0.383876	-0.313212
8.88	-0.387008	-0.309437
8.89	-0.390103	-0.305635
8.9	-0.393159	-0.301804
8.91	-0.396177	-0.297945
8.92	-0.399157	-0.294058
8.93	-0.402097	-0.290145
8.94	-0.404999	-0.286204
8.95	-0.407861	-0.282238
8.96	-0.410683	-0.278246
8.97	-0.413466	-0.274228
8.98	-0.416208	-0.270185
8.99	-0.41891	-0.266117
9	-0.421571	-0.262025
9.01	-0.424191	-0.257909
9.02	-0.42677	-0.25377
9.03	-0.429308	-0.249608
9.04	-0.431804	-0.245423
9.05	-0.434258	-0.241215
9.06	-0.43667	-0.236986
9.07	-0.43904	-0.232735
9.08	-0.441368	-0.228463
9.09	-0.443652	-0.224171
9.1	-0.445894	-0.219858
9.11	-0.448092	-0.215526
9.12	-0.450248	-0.211174
9.13	-0.452359	-0.206803
9.14	-0.454428	-0.202414
9.15	-0.456452	-0.198006
9.16	-0.458432	-0.193581
9.17	-0.460368	-0.189138
9.18	-0.462259	-0.184678
9.19	-0.464106	-0.180202
9.2	-0.465908	-0.17571
9.21	-0.467665	-0.171202
9.22	-0.469377	-0.166678
9.23	-0.471044	-0.16214
9.24	-0.472665	-0.157587
9.25	-0.474241	-0.153021
9.26	-0.475771	-0.148441
9.27	-0.477255	-0.143847
9.28	-0.478694	-0.139241
9.29	-0.480086	-0.134622
9.3	-0.481433	-0.129992
9.31	-0.482733	-0.12535
9.32	-0.483986	-0.120697
9.33	-0.485193	-0.116033
9.34	-0.486353	-0.111359
9.35	-0.487467	-0.106675
9.36	-0.488534	-0.101982
9.37	-0.489553	-0.0972794
9.38	-0.490526	-0.0925685
9.39	-0.491452	-0.0878495
9.4	-0.49233	-0.0831226
9.41	-0.493162	-0.0783885
9.42	-0.493946	-0.0736475
9.43	-0.494682	-0.0689
9.44	-0.495371	-0.0641464
9.45	-0.496012	-0.0593872
9.46	-0.496606	-0.0546227
9.47	-0.497153	-0.0498535
9.48	-0.497651	-0.0450798
9.49	-0.498102	-0.0403022
9.5	-0.498505	-0.0355211
9.51	-0.49886	-0.0307369
9.52	-0.499168	-0.0259499
9.53	-0.499427	-0.0211607
9.54	-0.499639	-0.0163696
9.55	-0.499802	-0.0115771
9.56	-0.499918	-0.00678355
9.57	-0.499986	-0.00198942
9.58	-0.500006	0.00280489
9.59	-0.499978	0.00759895
9.6	-0.499902	0.0123923
9.61	-0.499778	0.0171846
9.62	-0.499606	0.0219754
9.63	-0.499386	0.0267643
9.64	-0.499119	0.0315508
9.65	-0.498803	0.0363346
9.66	-0.49844	0.0411151
9.67	-0.498029	0.0458921
9.68	-0.49757	0.050665
9.69	-0.497063	0.0554335
9.7	-0.496509	0.060197
9.71	-0.495907	0.0649553
9.72	-0.495257	0.0697079
9.73	-0.49456	0.0744544
9.74	-0.493816	0.0791943
9.75	-0.493024	0.0839272
9.76	-0.492184	0.0886527
9.77	-0.491298	0.0933704
9.78	-0.490364	0.0980799
9.79	-0.489383	0.102781
9.8	-0.488356	0.107472
9.81	-0.487281	0.112155
9.82	-0.486159	0.116827
9.83	-0.484991	0.121489
9.84	-0.483776	0.12614
9.85	-0.482515	0.13078
9.86	-0.481207	0.135409
9.87	-0.479853	0.140025
9.88	-0.478453	0.144629
9.89	-0.477006	0.149221
9.9	-0.475514	0.153799
9.91	-0.473976	0.158363
9.92	-0.472392	0.162913
9.93	-0.470763	0.167449
9.94	-0.469089	0.171969
9.95	-0.467369	0.176475
9.96	-0.465604	0.180964
9.97	-0.463795	0.185438
9.98	-0.46194	0.189895
9.99	-0.460041	0.194335
10	-0.458098	0.198757
10.01	-0.45611	0.203162
10.02	-0.454079	0.207548
10.03	-0.452003	0.211916
10.04	-0.449884	0.216264
10.05	-0.447722	0.220593
10.06	-0.445516	0.224903
10.07	-0.443267	0.229192
10.08	-0.440975	0.23346
10.09	-0.43864	0.237707
10.1	-0.436263	0.241932
10.11	-0.433844	0.246136
10.12	-0.431382	0.250317
10.13	-0.428879	0.254476
10.14	-0.426334	0.258611
10.15	-0.423748	0.262723
10.16	-0.421121	0.266811
10.17	-0.418453	0.270874
10.18	-0.415744	0.274913
10.19	-0.412995	0.278927
10.2	-0.410206	0.282915
10.21	-0.407377	0.286877
10.22	-0.404508	0.290812
10.23	-0.4016	0.294721
10.24	-0.398653	0.298603
10.25	-0.395667	0.302457
10.26	-0.392642	0.306283
10.27	-0.389579	0.310081
10.28	-0.386478	0.313851
10.29	-0.38334	0.317591
10.3	-0.380164	0.321302
10.31	-0.376951	0.324983
10.32	-0.373701	0.328633
10.33	-0.370415	0.332253
10.34	-0.367092	0.335842
10.35	-0.363734	0.3394
10.36	-0.36034	0.342926
10.37	-0.356911	0.34642
10.38	-0.353446	0.349881
10.39	-0.349948	0.353309
10.4	-0.346414	0.356705
10.41	-0.342847	0.360066
10.42	-0.339247	0.363394
10.43	-0.335613	0.366688
10.44	-0.331946	0.369946
10.45	-0.328246	0.37317
10.46	-0.324515	0.376359
10.47	-0.320751	0.379512
10.48	-0.316956	0.382628
10.49	-0.31313	0.385709
10.5	-0.309273	0.388752
10.51	-0.305385	0.391759
10.52	-0.301468	0.394728
10.53	-0.29752	0.39766
10.54	-0.293544	0.400553
10.55	-0.289538	0.403408
10.56	-0.285504	0.406225
10.57	-0.281442	0.409002
10.58	-0.277352	0.41174
10.59	-0.273234	0.414439
10.6	-0.26909	0.417097
10.61	-0.264919	0.419716
10.62	-0.260722	0.422293
10.63	-0.256499	0.42483
10.64	-0.252251	0.427326
10.65	-0.247977	0.429781
10.66	-0.24368	0.432193
10.67	-0.239358	0.434564
10.68	-0.235012	0.436893
10.69	-0.230643	0.439179
10.7	-0.226251	0.441422
10.71	-0.221837	0.443622
10.72	-0.217401	0.445779
10.73	-0.212943	0.447892
10.74	-0.208464	0.449962
10.75	-0.203965	0.451988
10.76	-0.199445	0.453969
10.77	-0.194905	0.455906
10.78	-0.190346	0.457797
10.79	-0.185768	0.459645
10.8	-0.181171	0.461446
10.81	-0.176557	0.463203
10.82	-0.171925	0.464914
10.83	-0.167276	0.466578
10.84	-0.16261	0.468197
10.85	-0.157928	0.46977
10.86	-0.15323	0.471296
10.87	-0.148517	0.472776
10.88	-0.14379	0.474209
10.89	-0.139048	0.475595
10.9	-0.134292	0.476934
10.91	-0.129522	0.478226
10.92	-0.12474	0.47947
10.93	-0.119945	0.480666
10.94	-0.115139	0.481815
10.95	-0.110321	0.482916
10.96	-0.105491	0.483969
10.97	-0.100652	0.484974
10.98	-0.0958019	0.485931
10.99	-0.0909426	0.486839
11	-0.0860742	0.487698
11.01	-0.0811972	0.488509
11.02	-0.0763121	0.489272
11.03	-0.0714194	0.489985
11.04	-0.0665196	0.49065
11.05	-0.0616131	0.491266
11.06	-0.0567004	0.491833
11.07	-0.0517821	0.49235
11.08	-0.0468586	0.492819
11.09	-0.0419304	0.493238
11.1	-0.036998	0.493608
11.11	-0.0320619	0.493928
11.12	-0.0271227	0.494199
11.13	-0.0221807	0.494421
11.14	-0.0172365	0.494594
11.15	-0.0122905	0.494716
11.16	-0.00734336	0.49479
11.17	-0.00239546	0.494814
11.18	0.00255268	0.494788
11.19	0.00750056	0.494713
11.2	0.0124477	0.494589
11.21	0.0173936	0.494415
11.22	0.0223377	0.494192
11.23	0.0272797	0.493919
11.24	0.0322188	0.493597
11.25	0.0371548	0.493225
11.26	0.0420871	0.492804
11.27	0.0470151	0.492334
11.28	0.0519384	0.491815
11.29	0.0568566	0.491247
11.3	0.0617691	0.49063
11.31	0.0666754	0.489964
11.32	0.071575	0.489248
11.33	0.0764675	0.488484
11.34	0.0813523	0.487672
11.35	0.086229	0.486811
11.36	0.0910972	0.485901
11.37	0.0959562	0.484943
11.38	0.100806	0.483936
11.39	0.105645	0.482882
11.4	0.110474	0.481779
11.41	0.115292	0.480629
11.42	0.120098	0.479431
11.43	0.124892	0.478185
11.44	0.129674	0.476892
11.45	0.134443	0.475552
11.46	0.139198	0.474164
11.47	0.14394	0.47273
11.48	0.148667	0.471249
11.49	0.15338	0.469721
11.5	0.158077	0.468147
11.51	0.162759	0.466526
11.52	0.167424	0.46486
11.53	0.172072	0.463148
11.54	0.176704	0.46139
11.55	0.181318	0.459587
11.56	0.185914	0.457738
11.57	0.190491	0.455845
11.58	0.195049	0.453907
11.59	0.199589	0.451924
11.6	0.204108	0.449897
11.61	0.208607	0.447826
11.62	0.213085	0.445711
11.63	0.217542	0.443553
11.64	0.221978	0.441351
11.65	0.226391	0.439107
11.66	0.230782	0.436819
11.67	0.23515	0.434489
11.68	0.239495	0.432117
11.69	0.243817	0.429703
11.7	0.248114	0.427247
11.71	0.252386	0.42475
11.72	0.256634	0.422212
11.73	0.260856	0.419633
11.74	0.265052	0.417013
11.75	0.269222	0.414354
11.76	0.273366	0.411654
11.77	0.277482	0.408914
11.78	0.281571	0.406136
11.79	0.285633	0.403318
11.8	0.289666	0.400462
11.81	0.29367	0.397567
11.82	0.297646	0.394634
11.83	0.301592	0.391664
11.84	0.305509	0.388656
11.85	0.309396	0.385611
11.86	0.313252	0.38253
11.87	0.317077	0.379412
11.88	0.320871	0.376258
11.89	0.324634	0.373068
11.9	0.328364	0.369843
11.91	0.332063	0.366584
11.92	0.335729	0.363289
11.93	0.339362	0.35996
11.94	0.342961	0.356597
11.95	0.346527	0.353201
11.96	0.350059	0.349771
11.97	0.353557	0.346309
11.98	0.35702	0.342814
11.99	0.360448	0.339287
12	0.363841	0.335729
12.01	0.367198	0.332139
12.02	0.37052	0.328518
12.03	0.373805	0.324866
12.04	0.377054	0.321184
12.05	0.380265	0.317473
12.06	0.38344	0.313731
12.07	0.386577	0.309961
12.08	0.389677	0.306162
12.09	0.392739	0.302335
12.1	0.395762	0.29848
12.11	0.398747	0.294597
12.12	0.401693	0.290688
12.13	0.4046	0.286751
12.14	0.407467	0.282788
12.15	0.410295	0.278799
12.16	0.413083	0.274785
12.17	0.415831	0.270746
12.18	0.418538	0.266681
12.19	0.421205	0.262593
12.2	0.423831	0.25848
12.21	0.426416	0.254344
12.22	0.428959	0.250185
12.23	0.431461	0.246003
12.24	0.433921	0.241798
12.25	0.436339	0.237572
12.26	0.438715	0.233324
12.27	0.441048	0.229056
12.28	0.443339	0.224766
12.29	0.445586	0.220456
12.3	0.447791	0.216126
12.31	0.449952	0.211777
12.32	0.45207	0.207409
12.33	0.454144	0.203022
12.34	0.456174	0.198617
12.35	0.45816	0.194194
12.36	0.460102	0.189753
12.37	0.462	0.185296
12.38	0.463853	0.180822
12.39	0.465661	0.176332
12.4	0.467424	0.171826
12.41	0.469143	0.167305
12.42	0.470816	0.162769
12.43	0.472443	0.158218
12.44	0.474026	0.153653
12.45	0.475562	0.149075
12.46	0.477053	0.144483
12.47	0.478498	0.139879
12.48	0.479897	0.135262
12.49	0.481249	0.130633
12.5	0.482555	0.125993
12.51	0.483815	0.121341
12.52	0.485029	0.116679
12.53	0.486196	0.112006
12.54	0.487316	0.107323
12.55	0.488389	0.102631
12.56	0.489415	0.0979304
12.57	0.490395	0.0932206
12.58	0.491327	0.0885027
12.59	0.492212	0.0837769
12.6	0.49305	0.0790437
12.61	0.49384	0.0743036
12.62	0.494583	0.069557
12.63	0.495279	0.0648042
12.64	0.495927	0.0600458
12.65	0.496527	0.055282
12.66	0.49708	0.0505134
12.67	0.497585	0.0457404
12.68	0.498042	0.0409633
12.69	0.498452	0.0361826
12.7	0.498814	0.0313988
12.71	0.499128	0.0266122
12.72	0.499394	0.0218232
12.73	0.499612	0.0170324
12.74	0.499783	0.01224
12.75	0.499905	0.00744663
12.76	0.499979	0.00265255
12.77	0.500006	-0.00214175
12.78	0.499985	-0.00693587
12.79	0.499915	-0.0117294
12.8	0.499798	-0.0165219
12.81	0.499633	-0.0213129
12.82	0.49942	-0.0261021
12.83	0.499158	-0.0308889
12.84	0.49885	-0.0356731
12.85	0.498493	-0.0404541
12.86	0.498088	-0.0452316
12.87	0.497636	-0.0500051
12.88	0.497136	-0.0547742
12.89	0.496588	-0.0595385
12.9	0.495993	-0.0642975
12.91	0.49535	-0.0690509
12.92	0.494659	-0.0737982
12.93	0.493921	-0.078539
12.94	0.493136	-0.083273
12.95	0.492303	-0.0879995
12.96	0.491423	-0.0927183
12.97	0.490496	-0.097429
12.98	0.489522	-0.102131
12.99	0.4885	-0.106824
13	0.487432	-0.111508
13.01	0.486317	-0.116181
13.02	0.485155	-0.120845
13.03	0.483947	-0.125498
13.04	0.482692	-0.130139
13.05	0.481391	-0.134769
13.06	0.480043	-0.139388
13.07	0.478649	-0.143993
13.08	0.477209	-0.148586
13.09	0.475723	-0.153166
13.1	0.474191	-0.157732
13.11	0.472614	-0.162284
13.12	0.470991	-0.166822
13.13	0.469323	-0.171345
13.14	0.46761	-0.175853
13.15	0.465851	-0.180344
13.16	0.464048	-0.18482
13.17	0.462199	-0.189279
13.18	0.460307	-0.193722
13.19	0.458369	-0.198146
13.2	0.456388	-0.202553
13.21	0.454362	-0.206942
13.22	0.452293	-0.211313
13.23	0.45018	-0.215664
13.24	0.448023	-0.219996
13.25	0.445823	-0.224308
13.26	0.44358	-0.2286
13.27	0.441294	-0.232871
13.28	0.438966	-0.237121
13.29	0.436594	-0.241349
13.3	0.434181	-0.245556
13.31	0.431725	-0.24974
13.32	0.429228	-0.253902
13.33	0.426689	-0.258041
13.34	0.424108	-0.262156
13.35	0.421487	-0.266247
13.36	0.418824	-0.270314
13.37	0.416121	-0.274356
13.38	0.413378	-0.278373
13.39	0.410594	-0.282364
13.4	0.40777	-0.28633
13.41	0.404907	-0.290269
13.42	0.402004	-0.294182
13.43	0.399063	-0.298068
13.44	0.396082	-0.301926
13.45	0.393063	-0.305756
13.46	0.390005	-0.309558
13.47	0.386909	-0.313331
13.48	0.383776	-0.317075
13.49	0.380605	-0.32079
13.5	0.377398	-0.324475
13.51	0.374153	-0.32813
13.52	0.370871	-0.331754
13.53	0.367554	-0.335348
13.54	0.3642	-0.33891
13.55	0.360811	-0.34244
13.56	0.357387	-0.345938
13.57	0.353928	-0.349404
13.58	0.350434	-0.352837
13.59	0.346905	-0.356237
13.6	0.343343	-0.359603
13.61	0.339747	-0.362936
13.62	0.336117	-0.366234
13.63	0.332455	-0.369498
13.64	0.32876	-0.372726
13.65	0.325033	-0.37592
13.66	0.321274	-0.379078
13.67	0.317483	-0.382199
13.68	0.313661	-0.385285
13.69	0.309808	-0.388334
13.7	0.305925	-0.391345
13.71	0.302011	-0.39432
13.72	0.298068	-0.397256
13.73	0.294095	-0.400155
13.74	0.290094	-0.403016
13.75	0.286064	-0.405837
13.76	0.282005	-0.40862
13.77	0.277919	-0.411364
13.78	0.273806	-0.414068
13.79	0.269665	-0.416732
13.8	0.265498	-0.419356
13.81	0.261304	-0.421939
13.82	0.257085	-0.424482
13.83	0.25284	-0.426983
13.84	0.24857	-0.429444
13.85	0.244275	-0.431862
13.86	0.239957	-0.434239
13.87	0.235614	-0.436573
13.88	0.231249	-0.438865
13.89	0.22686	-0.441114
13.9	0.222449	-0.44332
13.91	0.218016	-0.445483
13.92	0.213561	-0.447603
13.93	0.209085	-0.449678
13.94	0.204588	-0.45171
13.95	0.200071	-0.453697
13.96	0.195534	-0.45564
13.97	0.190978	-0.457538
13.98	0.186402	-0.459392
13.99	0.181808	-0.4612
14	0.177196	-0.462963
14.01	0.172567	-0.46468
14.02	0.16792	-0.466351
14.03	0.163256	-0.467976
14.04	0.158577	-0.469555
14.05	0.153881	-0.471088
14.06	0.14917	-0.472574
14.07	0.144444	-0.474014
14.08	0.139704	-0.475406
14.09	0.13495	-0.476752
14.1	0.130183	-0.47805
14.11	0.125402	-0.479301
14.12	0.120609	-0.480504
14.13	0.115804	-0.481659
14.14	0.110988	-0.482767
14.15	0.10616	-0.483826
14.16	0.101322	-0.484838
14.17	0.0964733	-0.485801
14.18	0.0916153	-0.486716
14.19	0.0867481	-0.487582
14.2	0.0818723	-0.4884
14.21	0.0769883	-0.489169
14.22	0.0720966	-0.48989
14.23	0.0671977	-0.490561
14.24	0.0622921	-0.491184
14.25	0.0573803	-0.491757
14.26	0.0524627	-0.492281
14.27	0.0475399	-0.492757
14.28	0.0426123	-0.493183
14.29	0.0376805	-0.493559
14.3	0.0327449	-0.493887
14.31	0.027806	-0.494165
14.32	0.0228644	-0.494393
14.33	0.0179204	-0.494573
14.34	0.0129747	-0.494702
14.35	0.00802769	-0.494783
14.36	0.00307987	-0.494813
14.37	-0.00186827	-0.494795
14.38	-0.00681622	-0.494727
14.39	-0.0117635	-0.494609
14.4	-0.0167096	-0.494442
14.41	-0.021654	-0.494225
14.42	-0.0265962	-0.493959
14.43	-0.0315358	-0.493644
14.44	-0.0364723	-0.49328
14.45	-0.0414051	-0.492866
14.46	-0.0463337	-0.492402
14.47	-0.0512578	-0.49189
14.48	-0.0561767	-0.491329
14.49	-0.0610899	-0.490718
14.5	-0.0659971	-0.490059
14.51	-0.0708977	-0.48935
14.52	-0.0757912	-0.488593
14.53	-0.0806771	-0.487787
14.54	-0.085555	-0.486933
14.55	-0.0904243	-0.48603
14.56	-0.0952846	-0.485078
14.57	-0.100135	-0.484079
14.58	-0.104976	-0.483031
14.59	-0.109807	-0.481935
14.6	-0.114626	-0.480791
14.61	-0.119434	-0.4796
14.62	-0.12423	-0.47836
14.63	-0.129013	-0.477074
14.64	-0.133784	-0.47574
14.65	-0.138542	-0.474359
14.66	-0.143285	-0.472931
14.67	-0.148014	-0.471456
14.68	-0.152729	-0.469935
14.69	-0.157428	-0.468367
14.7	-0.162112	-0.466753
14.71	-0.16678	-0.465093
14.72	-0.17143	-0.463387
14.73	-0.176064	-0.461636
14.74	-0.180681	-0.459839
14.75	-0.185279	-0.457996
14.76	-0.189859	-0.456109
14.77	-0.19442	-0.454177
14.78	-0.198962	-0.452201
14.79	-0.203484	-0.45018
14.8	-0.207986	-0.448115
14.81	-0.212467	-0.446006
14.82	-0.216927	-0.443854
14.83	-0.221365	-0.441658
14.84	-0.225782	-0.43942
14.85	-0.230176	-0.437138
14.86	-0.234548	-0.434814
14.87	-0.238896	-0.432448
14.88	-0.24322	-0.43004
14.89	-0.247521	-0.42759
14.9	-0.251797	-0.425098
14.91	-0.256048	-0.422566
14.92	-0.260273	-0.419992
14.93	-0.264473	-0.417378
14.94	-0.268647	-0.414724
14.95	-0.272794	-0.41203
14.96	-0.276914	-0.409296
14.97	-0.281007	-0.406522
14.98	-0.285073	-0.40371
14.99	-0.28911	-0.400859
